0.5829664469,0.1027495116,0.0406396501,0.0089128045,0.0067913732,0.0064517274,0.0048057800,0.0044063404,0.0041017239,0.0032892746
0.2592862546,0.1032538712,0.0940703899,0.0731695816,0.0693755969,0.0326786786,0.0238758530,0.0220128000,0.0170678776,0.0139390593
0.9999353886,0.0000527085,0.0000040564,0.0000021149,0.0000015945,0.0000008558,0.0000004934,0.0000003798,0.0000003417,0.0000002402
0.9997177720,0.0001269158,0.0000358340,0.0000198068,0.0000196081,0.0000050517,0.0000046261,0.0000046031,0.0000045751,0.0000040205
0.2255757898,0.1903825849,0.1391668618,0.0426207036,0.0381922014,0.0304833278,0.0235625207,0.0225616340,0.0205686353,0.0203976724
0.9427967072,0.0145404115,0.0060692006,0.0059929341,0.0013809840,0.0010650930,0.0009495927,0.0009028264,0.0008845676,0.0006731161
0.7184517384,0.0089616617,0.0084754108,0.0075166607,0.0069534355,0.0067844256,0.0063646710,0.0056746416,0.0055588926,0.0051990044
0.9961712956,0.0012067549,0.0006042974,0.0003284004,0.0002056681,0.0001636561,0.0001553285,0.0001345929,0.0001165291,0.0000844763
0.9997944236,0.0000880858,0.0000654830,0.0000159855,0.0000115013,0.0000042053,0.0000037002,0.0000024280,0.0000017676,0.0000009090
0.0746635422,0.0302848108,0.0226079617,0.0213610772,0.0150455721,0.0146626858,0.0146000031,0.0142609105,0.0126059037,0.0124847880
0.6460883617,0.0985018238,0.0710991025,0.0433835387,0.0274682492,0.0244651791,0.0178103261,0.0126102036,0.0078583937,0.0050179590
0.2908918560,0.1261497885,0.1018262655,0.0836047754,0.0682038292,0.0626845434,0.0373794921,0.0291150659,0.0247008242,0.0155992489
0.9990252256,0.0002707450,0.0001026294,0.0000475192,0.0000459359,0.0000436844,0.0000390344,0.0000306887,0.0000294846,0.0000286170
0.3381399810,0.1036593318,0.0498411767,0.0290391259,0.0288650971,0.0264850445,0.0181119945,0.0160252638,0.0115310010,0.0094502950
0.9988964796,0.0004988636,0.0002872240,0.0000467835,0.0000313904,0.0000302921,0.0000300617,0.0000257112,0.0000242532,0.0000201354
0.9350971580,0.0036107805,0.0033836982,0.0021719951,0.0015360978,0.0013965626,0.0013855780,0.0012047011,0.0011047091,0.0010652920
0.1500552595,0.0505273677,0.0376134962,0.0275264829,0.0256483536,0.0154651552,0.0131909680,0.0125184460,0.0112968236,0.0107599283
0.9769124985,0.0027488652,0.0025264630,0.0010407731,0.0008161308,0.0004717217,0.0004329270,0.0004180243,0.0003579275,0.0003286920
0.9441973567,0.0405174084,0.0109035531,0.0007098363,0.0004978240,0.0003691802,0.0003285026,0.0002407122,0.0001451415,0.0001302138
0.7239699960,0.2372040004,0.0218615010,0.0100878486,0.0047041788,0.0004240117,0.0002533128,0.0001834883,0.0001702804,0.0001482113
0.9435561895,0.0070118466,0.0040746308,0.0026868342,0.0013474838,0.0012507474,0.0011018089,0.0010103965,0.0009507542,0.0009291695
0.9998082519,0.0001350461,0.0000521341,0.0000019705,0.0000004886,0.0000003384,0.0000002590,0.0000001914,0.0000001418,0.0000001055
0.9918290973,0.0046735597,0.0005042316,0.0004178895,0.0003968333,0.0002971935,0.0002767418,0.0001802360,0.0001432924,0.0001294189
0.9998254180,0.0001746537,0.0000000019,0.0000000007,0.0000000003,0.0000000003,0.0000000001,0.0000000001,0.0000000001,0.0000000000
0.9975513816,0.0002103101,0.0001623057,0.0001447038,0.0001323311,0.0001194076,0.0001142099,0.0000761651,0.0000662635,0.0000494917
0.1377516985,0.0536409281,0.0308224354,0.0288674422,0.0256913267,0.0212991927,0.0179143231,0.0154741975,0.0109849498,0.0109419543
0.8093549609,0.1893275827,0.0009057073,0.0001172362,0.0000904707,0.0000783271,0.0000243694,0.0000184948,0.0000131385,0.0000124173
0.6753844023,0.3135478199,0.0021792892,0.0017246240,0.0011467729,0.0005771084,0.0003892615,0.0003614764,0.0003476274,0.0003383456
0.6021506786,0.1784793288,0.1435474902,0.0254569016,0.0149093140,0.0076794964,0.0070162150,0.0037936082,0.0021831091,0.0016054906
0.3836912513,0.2432824522,0.1267998666,0.0474095307,0.0284235124,0.0046608173,0.0044664354,0.0041802847,0.0036050642,0.0033245853
0.9965963960,0.0002091679,0.0001003660,0.0000903029,0.0000855013,0.0000842149,0.0000794446,0.0000791701,0.0000594071,0.0000572237
0.1678228229,0.0331346355,0.0160370022,0.0158481468,0.0149103701,0.0111195091,0.0110741509,0.0104323067,0.0090546440,0.0084692044
0.9985634685,0.0003043479,0.0001378543,0.0000610253,0.0000571607,0.0000452805,0.0000439566,0.0000405083,0.0000351115,0.0000320486
0.5393229723,0.4256175160,0.0165092330,0.0035342856,0.0020195663,0.0019343989,0.0012847958,0.0011515002,0.0010327592,0.0007665123
0.9612993002,0.0045030834,0.0029506716,0.0021763653,0.0020095289,0.0017041678,0.0012440865,0.0009855764,0.0009751137,0.0008739721
0.5188684464,0.3697383404,0.0087281549,0.0080571873,0.0033899888,0.0030869760,0.0025722838,0.0025100838,0.0023746772,0.0023655996
0.6112790108,0.3275568783,0.0061783991,0.0038896387,0.0019569639,0.0019190662,0.0012816213,0.0012523732,0.0012081049,0.0010377846
0.9798585176,0.0036977197,0.0013214668,0.0006507735,0.0006448725,0.0006385720,0.0004177206,0.0003781281,0.0002576371,0.0002495089
0.9280710816,0.0380724669,0.0107655143,0.0078812232,0.0060432036,0.0021295815,0.0018926158,0.0012324932,0.0009458563,0.0007132892
0.9978966713,0.0001805660,0.0001505568,0.0000754142,0.0000730502,0.0000670948,0.0000647954,0.0000603359,0.0000544593,0.0000384370
0.7264128923,0.0438455828,0.0221752990,0.0219221953,0.0199707821,0.0123746358,0.0095531438,0.0063439873,0.0063348217,0.0054553365
0.0334093459,0.0192515925,0.0131392088,0.0127755236,0.0118696261,0.0105552040,0.0102849426,0.0102665322,0.0102592018,0.0101871956
0.9994957447,0.0000627929,0.0000396604,0.0000356116,0.0000355508,0.0000237355,0.0000142526,0.0000119527,0.0000105451,0.0000083720
0.3088723421,0.2972045243,0.0494449809,0.0283822510,0.0197286643,0.0195642337,0.0123527013,0.0103129214,0.0082705123,0.0081262318
0.5629967451,0.4122721255,0.0028075234,0.0023728185,0.0022392112,0.0014249061,0.0011154454,0.0010585843,0.0009497498,0.0009300770
0.4296319187,0.0392863862,0.0195019320,0.0130966054,0.0128865419,0.0123937819,0.0102491220,0.0092955008,0.0092381770,0.0080986312
0.9995735288,0.0000845229,0.0000825785,0.0000421035,0.0000248540,0.0000190495,0.0000140904,0.0000130700,0.0000124017,0.0000122766
0.2203779668,0.0611612760,0.0529587977,0.0332591496,0.0331527218,0.0298798904,0.0292744190,0.0272591636,0.0239184145,0.0180094764
0.9479463696,0.0195049122,0.0070760907,0.0031142656,0.0010110289,0.0009456393,0.0008224476,0.0005912182,0.0005404049,0.0004821337
0.9997488856,0.0000357791,0.0000340725,0.0000210763,0.0000176119,0.0000109424,0.0000084705,0.0000076329,0.0000062540,0.0000057497
0.7861832380,0.1428519040,0.0612083636,0.0014224016,0.0013239301,0.0006273754,0.0004235677,0.0003935109,0.0002900049,0.0002713943
0.4840345979,0.1304982305,0.0549833961,0.0304571167,0.0301745962,0.0223255306,0.0205055885,0.0193565097,0.0148796123,0.0122726206
0.8782187700,0.0055667930,0.0033207806,0.0032214148,0.0026934994,0.0024150957,0.0023339489,0.0016718968,0.0014889620,0.0013127843
0.1602764130,0.0963167399,0.0764850751,0.0322720669,0.0223724321,0.0218254216,0.0150462901,0.0149965025,0.0143317711,0.0097834338
0.9530443549,0.0117179956,0.0029821063,0.0020895593,0.0020752426,0.0014230435,0.0011450450,0.0008454935,0.0008209940,0.0006412417
0.9622448087,0.0157017689,0.0052758902,0.0044738557,0.0009325876,0.0009299968,0.0007770815,0.0006452210,0.0005711524,0.0004642777
0.6098889709,0.1463429183,0.1192983985,0.0552088879,0.0115075661,0.0099347336,0.0097905453,0.0090886187,0.0059909793,0.0056921514
0.4233574569,0.1735367328,0.1106020287,0.0694124103,0.0632847324,0.0528420955,0.0183464196,0.0124785686,0.0099471500,0.0085435687
0.9845135808,0.0032691215,0.0027879493,0.0019894557,0.0005348439,0.0002933404,0.0002806298,0.0002691329,0.0001704985,0.0001422787
0.9967539907,0.0003605938,0.0003544540,0.0002655191,0.0002609338,0.0001315800,0.0000739604,0.0000730866,0.0000728079,0.0000528989
0.6910599470,0.0568700619,0.0386325866,0.0265255142,0.0255137905,0.0246021915,0.0171429757,0.0152498512,0.0092528639,0.0072722207
0.9998883009,0.0000193850,0.0000087074,0.0000086762,0.0000086641,0.0000072814,0.0000069421,0.0000066270,0.0000052999,0.0000032019
0.9680016041,0.0242207386,0.0017781510,0.0015312913,0.0002818229,0.0001879715,0.0001560122,0.0001256327,0.0001137356,0.0001093438
0.9851159453,0.0053433091,0.0035302772,0.0004859340,0.0003317766,0.0002833895,0.0002360123,0.0002269827,0.0002102118,0.0002048409
0.9521012306,0.0063781724,0.0035509188,0.0018621957,0.0010355116,0.0008063511,0.0008018127,0.0006618504,0.0006355991,0.0005971444
0.8471218348,0.0532922260,0.0425398387,0.0223401319,0.0074783983,0.0059592854,0.0050901845,0.0043113320,0.0022846051,0.0009328267
0.3212109506,0.2087095827,0.1788845062,0.0656022802,0.0497846529,0.0342314690,0.0284804497,0.0169930626,0.0094932523,0.0086742910
0.5806326866,0.0491964854,0.0101454994,0.0084773628,0.0066186469,0.0053026229,0.0052794553,0.0052216309,0.0048359712,0.0047225631
0.5928508043,0.1758633256,0.0156423077,0.0134625332,0.0121708326,0.0100092143,0.0093533471,0.0074484921,0.0068789213,0.0068606753
0.6386206150,0.0524850488,0.0361508653,0.0258847643,0.0173337087,0.0142350467,0.0087287007,0.0087172659,0.0081264200,0.0077476092
0.5373714566,0.1121094376,0.1048043817,0.0589311086,0.0382180326,0.0221734121,0.0153823076,0.0133776935,0.0121470736,0.0110012619
0.9550899863,0.0423368402,0.0016317161,0.0005619143,0.0000654340,0.0000482992,0.0000299928,0.0000297734,0.0000268732,0.0000206650
0.1459448785,0.1085906401,0.0832494050,0.0732274875,0.0716170445,0.0529280491,0.0430157371,0.0426440611,0.0323381945,0.0214054212
0.1357570291,0.1009548679,0.0487865694,0.0321840756,0.0238644741,0.0206575319,0.0204283167,0.0200199429,0.0194287505,0.0189712998
0.7394086123,0.0577779301,0.0520277359,0.0506406054,0.0387399159,0.0126878172,0.0063984687,0.0063182092,0.0058599841,0.0053988006
0.2728788555,0.0917768106,0.0868539214,0.0831689164,0.0548469312,0.0467457287,0.0395749733,0.0255021788,0.0233157706,0.0199191030
0.5618584752,0.3827349544,0.0157352295,0.0145866675,0.0088969599,0.0070136064,0.0013624715,0.0011600545,0.0009387296,0.0007350901
0.7404547334,0.1343276352,0.0184626114,0.0177583508,0.0163281485,0.0149929710,0.0121356118,0.0035384544,0.0022793703,0.0016918516
0.7751427293,0.0145332813,0.0078886915,0.0058430624,0.0052890750,0.0052291080,0.0046595796,0.0037371214,0.0032668808,0.0031378837
0.9906630516,0.0042669331,0.0008547516,0.0008315788,0.0006823140,0.0005711804,0.0002651920,0.0002237447,0.0001841088,0.0001524017
0.9985163808,0.0004763178,0.0002750510,0.0002246242,0.0001548015,0.0000458717,0.0000441473,0.0000392814,0.0000314868,0.0000193836
0.9466711283,0.0298727192,0.0033274344,0.0016239109,0.0007826694,0.0007572862,0.0004109291,0.0003968244,0.0003528593,0.0003279364
0.9993378520,0.0006233276,0.0000100314,0.0000033184,0.0000022708,0.0000019417,0.0000019010,0.0000016426,0.0000015341,0.0000014259
0.5906373858,0.1687048227,0.1506837159,0.0035909258,0.0026873727,0.0024844918,0.0024015857,0.0020556462,0.0019345458,0.0018500638
0.4760736823,0.0677933842,0.0627905354,0.0580980666,0.0522919260,0.0371555723,0.0282076821,0.0189490337,0.0149427904,0.0135293417
0.5087338686,0.4852493405,0.0022205592,0.0011402457,0.0008643325,0.0002514454,0.0002295519,0.0001159085,0.0000997925,0.0000803381
0.9149917960,0.0048543639,0.0027295721,0.0022841245,0.0022126040,0.0020827537,0.0018193390,0.0016957748,0.0015145047,0.0013868873
0.9846365452,0.0009009718,0.0007974780,0.0007239864,0.0004250008,0.0003012002,0.0002854647,0.0002474462,0.0002394201,0.0001916719
0.0328822099,0.0302287731,0.0268258154,0.0253435727,0.0226575639,0.0213140920,0.0188276116,0.0187374763,0.0179948844,0.0163906310
0.9999929667,0.0000024309,0.0000018559,0.0000004273,0.0000004073,0.0000003852,0.0000002491,0.0000001856,0.0000001728,0.0000001323
0.9990820885,0.0001374394,0.0001155607,0.0000906556,0.0000846057,0.0000615170,0.0000584426,0.0000553850,0.0000509531,0.0000292390
0.9981080294,0.0001083374,0.0001071866,0.0000767733,0.0000550819,0.0000537860,0.0000524119,0.0000448188,0.0000429573,0.0000385658
0.7487001419,0.1370755583,0.0296228211,0.0180483293,0.0143214911,0.0057626865,0.0025036875,0.0020766575,0.0017265553,0.0016477908
0.5418788791,0.3176698089,0.0072884052,0.0045722798,0.0024042404,0.0022633746,0.0020737641,0.0020416826,0.0019648792,0.0019296657
0.9676140547,0.0183255244,0.0047499510,0.0036621976,0.0013287556,0.0012013834,0.0004354792,0.0004253743,0.0002179639,0.0002066989
0.8952499032,0.0063034901,0.0048044375,0.0035819265,0.0033764583,0.0031462030,0.0030320806,0.0029151312,0.0023231902,0.0021824515
0.6579368114,0.2161003202,0.0610467978,0.0325650610,0.0033751992,0.0032215193,0.0018883391,0.0017918154,0.0017570505,0.0011898037
0.0340726711,0.0339660645,0.0311302450,0.0203747228,0.0174505319,0.0163114350,0.0152314836,0.0150018949,0.0145009169,0.0130878054
0.9898917675,0.0075760009,0.0009352334,0.0001220599,0.0000987536,0.0000475569,0.0000468651,0.0000437649,0.0000425675,0.0000388567
0.4294419885,0.3332828283,0.1383819282,0.0272671897,0.0096363192,0.0077592181,0.0077155125,0.0057491916,0.0030136795,0.0025938286
0.8779969811,0.1112366989,0.0030763678,0.0029488441,0.0021543365,0.0008365646,0.0006266009,0.0002690776,0.0001167353,0.0001066762
0.4370582402,0.2448384762,0.0816665813,0.0380170457,0.0343865678,0.0328369997,0.0151099106,0.0126690427,0.0086309230,0.0081027607
0.6373175979,0.0280681252,0.0117779691,0.0088965595,0.0085396534,0.0068320613,0.0048321686,0.0047670188,0.0046171066,0.0037891213
0.9542615414,0.0209383983,0.0118820155,0.0018867342,0.0008059698,0.0007079883,0.0006470883,0.0006246117,0.0004196152,0.0003229176
0.6691946983,0.0451475419,0.0208057594,0.0202348698,0.0134936059,0.0111555159,0.0108050499,0.0088905608,0.0086906925,0.0084924335
0.9917113781,0.0010235532,0.0007921183,0.0005296135,0.0003979455,0.0003014442,0.0002761511,0.0002437294,0.0002198850,0.0001999298
0.9335253835,0.0426542908,0.0087035624,0.0038984402,0.0027638071,0.0012756427,0.0012587602,0.0007713426,0.0007686829,0.0006940949
0.9740335941,0.0028020279,0.0017093532,0.0013265881,0.0004705534,0.0004232508,0.0004150507,0.0003788138,0.0003395388,0.0002468778
0.9793983102,0.0079292683,0.0022686948,0.0013399846,0.0012951015,0.0007785411,0.0007688914,0.0005613780,0.0003605268,0.0002623964
0.3178662360,0.1622696966,0.1499573439,0.0318966545,0.0296871215,0.0211079940,0.0204861145,0.0147380996,0.0141844861,0.0140686119
0.9999611378,0.0000233878,0.0000030930,0.0000017813,0.0000014847,0.0000007978,0.0000006807,0.0000006316,0.0000005909,0.0000004950
0.9986081719,0.0011267109,0.0002648205,0.0000001012,0.0000000716,0.0000000300,0.0000000273,0.0000000182,0.0000000138,0.0000000115
0.9909898043,0.0081403404,0.0002378270,0.0001173208,0.0001028851,0.0000766328,0.0000480669,0.0000357498,0.0000303933,0.0000262040
0.7404426336,0.0116700688,0.0076877330,0.0067830323,0.0058100936,0.0055301553,0.0053359987,0.0052373069,0.0041724816,0.0040422957
0.8726428747,0.0199530795,0.0103285452,0.0055974922,0.0048239231,0.0045469981,0.0036871030,0.0031763997,0.0030122318,0.0026961870
0.9938334227,0.0031239300,0.0007932970,0.0007565118,0.0002389310,0.0000857805,0.0000738476,0.0000641299,0.0000611166,0.0000469830
0.7499748468,0.2357675880,0.0008198351,0.0003856087,0.0003804584,0.0003664898,0.0003413090,0.0002246908,0.0001989719,0.0001905732
0.6717045307,0.0730676800,0.0256128944,0.0155092040,0.0150425611,0.0134343011,0.0119371535,0.0105501041,0.0099627236,0.0093852216
0.4830420017,0.2020042837,0.0432605371,0.0343281180,0.0166393481,0.0164530538,0.0140291583,0.0125452671,0.0085651772,0.0062427646
0.9977236390,0.0013322190,0.0003260418,0.0001420655,0.0000504218,0.0000239537,0.0000226390,0.0000172174,0.0000146642,0.0000138150
0.6118922830,0.1557496637,0.0764833540,0.0455157682,0.0240985509,0.0062840842,0.0051787002,0.0049597882,0.0048166588,0.0039072130
0.9993693233,0.0002725889,0.0001972272,0.0000132542,0.0000094921,0.0000080222,0.0000066154,0.0000065882,0.0000064921,0.0000062076
0.5613454580,0.2567905188,0.1121689230,0.0214345548,0.0063773924,0.0052676625,0.0029436518,0.0027897349,0.0027030066,0.0019614594
0.9741631150,0.0123363324,0.0018353064,0.0015150731,0.0012234115,0.0004219236,0.0003473841,0.0003222014,0.0002831152,0.0002806439
0.2758709192,0.1673964709,0.1228506416,0.0578938313,0.0551331826,0.0424129218,0.0291822683,0.0148439901,0.0109166307,0.0078883898
0.9871922731,0.0045870449,0.0010013635,0.0009293897,0.0004889811,0.0004135406,0.0003224809,0.0003069863,0.0002943147,0.0002625162
0.9986543655,0.0003320914,0.0001093102,0.0000637141,0.0000517088,0.0000507463,0.0000248494,0.0000218162,0.0000197089,0.0000169142
0.9973203540,0.0003685620,0.0000721310,0.0000699376,0.0000687140,0.0000625633,0.0000548683,0.0000511302,0.0000474562,0.0000400427
0.3299350739,0.2330022156,0.0794526488,0.0565711819,0.0404155664,0.0207482744,0.0204616096,0.0156679917,0.0143228779,0.0100731282
0.9995935559,0.0002584838,0.0001210080,0.0000091367,0.0000043277,0.0000022746,0.0000022492,0.0000013781,0.0000011652,0.0000010776
0.4733246565,0.2883363068,0.0214279052,0.0133613329,0.0132229449,0.0120673776,0.0103890039,0.0091296239,0.0067433999,0.0055314512
0.2505262792,0.2044219226,0.1640189141,0.0817952827,0.0508670770,0.0231810324,0.0190681592,0.0180594418,0.0166725162,0.0152763370
0.7576775551,0.0616050586,0.0455126204,0.0319531821,0.0195748452,0.0070037502,0.0045273895,0.0042348192,0.0040354049,0.0039830734
0.9981926084,0.0004577511,0.0004142217,0.0001710850,0.0001121613,0.0000809631,0.0000596795,0.0000390621,0.0000292938,0.0000227258
0.0716997311,0.0332058743,0.0278277006,0.0262013096,0.0233357288,0.0208585281,0.0182038415,0.0179897193,0.0178801678,0.0151565773
0.5701725483,0.1686652154,0.0721129701,0.0131301796,0.0099526197,0.0063790502,0.0056835385,0.0053821951,0.0043425485,0.0038568787
0.9487601519,0.0305134971,0.0037499594,0.0024309100,0.0015476316,0.0015272164,0.0015109072,0.0013996868,0.0011420577,0.0009274615
0.9994872808,0.0002989541,0.0001229500,0.0000361159,0.0000187849,0.0000087306,0.0000016688,0.0000015017,0.0000012645,0.0000010899
0.9535674453,0.0067203781,0.0047019450,0.0037706031,0.0024749143,0.0019249101,0.0016793865,0.0015176232,0.0013762525,0.0009798680
0.9995977283,0.0003855478,0.0000050692,0.0000025808,0.0000024939,0.0000006542,0.0000006370,0.0000004845,0.0000004221,0.0000003908
0.9746028185,0.0085632484,0.0015965841,0.0015810563,0.0012765123,0.0011297478,0.0006653474,0.0006337121,0.0006030631,0.0005956899
0.5979171395,0.0849515349,0.0371871553,0.0367096663,0.0178736225,0.0168669000,0.0137690157,0.0115407277,0.0114638535,0.0110929590
0.9960396290,0.0011794184,0.0008045121,0.0007037371,0.0005678865,0.0001627336,0.0001040751,0.0001001484,0.0000571180,0.0000357912
0.9449754953,0.0134950317,0.0055224001,0.0039327876,0.0016858359,0.0016782949,0.0014787036,0.0014438088,0.0011539725,0.0011434329
0.9981474876,0.0014789646,0.0000672325,0.0000359907,0.0000298885,0.0000210416,0.0000138255,0.0000125363,0.0000116890,0.0000109095
0.6065137386,0.2639168799,0.0329363719,0.0190869942,0.0181363449,0.0150525598,0.0092483098,0.0079618357,0.0029890442,0.0026981756
0.9034007192,0.0235079732,0.0110668177,0.0047256080,0.0044967528,0.0041829967,0.0023848482,0.0022877057,0.0017082797,0.0015650943
0.9835901856,0.0030501718,0.0016574784,0.0013894020,0.0012264751,0.0009094765,0.0005795861,0.0005787300,0.0004250882,0.0004180762
0.9842495322,0.0012340733,0.0008720262,0.0005083669,0.0004725397,0.0003667709,0.0002790711,0.0002329377,0.0002046955,0.0001998847
0.3527108431,0.0210278202,0.0153625095,0.0131901782,0.0114431465,0.0111937765,0.0108302655,0.0106027704,0.0087411571,0.0083795423
0.5494882464,0.1542932987,0.0487057120,0.0413452275,0.0240492076,0.0169068910,0.0124548338,0.0124347536,0.0116851134,0.0105141401
0.8381024003,0.0182305332,0.0121594444,0.0101310685,0.0068763751,0.0063141985,0.0032843479,0.0026149843,0.0021910213,0.0021697027
0.1757788211,0.0678498670,0.0610880814,0.0434845835,0.0314229093,0.0309310239,0.0288935304,0.0284140743,0.0271057878,0.0260481983
0.1064921841,0.0860791951,0.0835818872,0.0726301521,0.0518319383,0.0430647023,0.0405832976,0.0336062536,0.0293723680,0.0245607048
0.9792780280,0.0033541261,0.0011155227,0.0008957050,0.0008282575,0.0007448764,0.0006375295,0.0005458313,0.0004366275,0.0004349726
0.3848833740,0.1211954653,0.0784431845,0.0664887950,0.0314561762,0.0255388152,0.0183226969,0.0175076332,0.0138744907,0.0136860134
0.4844252467,0.0615698472,0.0586185046,0.0583331995,0.0471716411,0.0457715839,0.0452771299,0.0249683782,0.0145856645,0.0106739495
0.1744392067,0.0181064531,0.0180162918,0.0177997891,0.0137095321,0.0135847805,0.0118277092,0.0117590148,0.0115605313,0.0102617228
0.9991337657,0.0000528413,0.0000467949,0.0000290716,0.0000288829,0.0000267977,0.0000235022,0.0000169355,0.0000144467,0.0000142034
0.9871721864,0.0026542835,0.0009902387,0.0004460590,0.0004282510,0.0003831962,0.0003548927,0.0003408764,0.0002797864,0.0002632853
0.7795400620,0.2196052521,0.0003279489,0.0001804947,0.0000916687,0.0000626632,0.0000514771,0.0000232941,0.0000216642,0.0000160171
0.9729212523,0.0077534392,0.0034354988,0.0012964021,0.0012585332,0.0006885307,0.0005325568,0.0005320198,0.0003811166,0.0003418854
0.7665050030,0.1932310909,0.0138324248,0.0008642656,0.0007573979,0.0007462087,0.0007068972,0.0006630847,0.0005889161,0.0005519233
0.4310173988,0.2240748852,0.0445522256,0.0353255756,0.0334819369,0.0211853944,0.0179124307,0.0162597410,0.0144978380,0.0126040736
0.9911206365,0.0060818181,0.0002213064,0.0001356674,0.0001053307,0.0000702093,0.0000632901,0.0000620179,0.0000617800,0.0000545318
0.9980871677,0.0004367242,0.0002067662,0.0001687512,0.0000810988,0.0000801849,0.0000776464,0.0000739577,0.0000281519,0.0000280650
0.9272338748,0.0110987062,0.0046783881,0.0039649718,0.0012354808,0.0012137558,0.0011070665,0.0010135286,0.0010052811,0.0009605028
0.9990558028,0.0001300290,0.0000940517,0.0000526405,0.0000450629,0.0000224370,0.0000218658,0.0000209492,0.0000192198,0.0000174216
0.7405122519,0.0402016938,0.0305420086,0.0209609494,0.0179217048,0.0165896062,0.0136936782,0.0129527524,0.0082336869,0.0057982733
0.5749351382,0.1833421141,0.0293403044,0.0292948149,0.0241003614,0.0219405312,0.0126911467,0.0119224908,0.0109968241,0.0096198795
0.7803617716,0.1719348580,0.0058156322,0.0038250037,0.0028977243,0.0027242636,0.0024970705,0.0017958829,0.0017802191,0.0017713553
0.9600703716,0.0102858655,0.0060196891,0.0042365193,0.0036217212,0.0031156021,0.0029321874,0.0012727497,0.0007715900,0.0005720294
0.8598584533,0.0993080884,0.0085750083,0.0059099793,0.0021023944,0.0020246604,0.0018995923,0.0016246617,0.0016143910,0.0013234949
0.8294458389,0.0143153239,0.0053051631,0.0042435899,0.0029577764,0.0025619341,0.0025165433,0.0024529351,0.0021694268,0.0021549205
0.9951159954,0.0004408540,0.0003795020,0.0003606380,0.0003033177,0.0001983489,0.0001928286,0.0001664973,0.0001575604,0.0001551571
0.9992328882,0.0001920723,0.0000645126,0.0000571418,0.0000269139,0.0000191997,0.0000161200,0.0000143588,0.0000138673,0.0000114337
0.8405066133,0.0559196137,0.0259221327,0.0130048357,0.0125801722,0.0050713783,0.0037727708,0.0035247526,0.0012182648,0.0011205307
0.9970607162,0.0018218794,0.0009048905,0.0001031542,0.0000238351,0.0000191050,0.0000078688,0.0000047610,0.0000032699,0.0000032210
0.5975351334,0.2553714812,0.0926446095,0.0290210210,0.0020539477,0.0008664192,0.0005404961,0.0004422338,0.0004343242,0.0004102246
0.9876117110,0.0012576446,0.0009174890,0.0005935482,0.0005740465,0.0004007532,0.0003356299,0.0003077294,0.0002963156,0.0002885593
0.9984924793,0.0001829547,0.0001364979,0.0000952100,0.0000694098,0.0000616983,0.0000490968,0.0000484964,0.0000394577,0.0000383076
0.9924352765,0.0003759224,0.0003561658,0.0003124514,0.0002256573,0.0002068849,0.0001820918,0.0001746024,0.0001649817,0.0001325665
0.9470533133,0.0215160046,0.0157254208,0.0010111670,0.0008414362,0.0004722130,0.0003696967,0.0003157013,0.0003121986,0.0002893583
0.9980973601,0.0010528689,0.0003754618,0.0001875184,0.0000423229,0.0000239846,0.0000182181,0.0000105313,0.0000094423,0.0000089173
0.9956001043,0.0015653063,0.0001666653,0.0001647601,0.0001564286,0.0001182804,0.0001173175,0.0001140984,0.0000914295,0.0000829631
0.9988384843,0.0002743186,0.0001500175,0.0001396161,0.0000638644,0.0000481950,0.0000452400,0.0000407208,0.0000326906,0.0000176381
0.2420873046,0.1357326359,0.1259215027,0.0331403017,0.0300364029,0.0260118973,0.0198180433,0.0158277713,0.0146555183,0.0135911712
0.3754282594,0.2315172106,0.0203845911,0.0148291793,0.0078782309,0.0075921589,0.0073583904,0.0064552678,0.0053142873,0.0049395161
0.9989864230,0.0006242444,0.0001060630,0.0000637688,0.0000592199,0.0000306648,0.0000299303,0.0000120760,0.0000084785,0.0000078475
0.9989602566,0.0001772266,0.0001347428,0.0000960757,0.0000691018,0.0000568553,0.0000475662,0.0000352736,0.0000321129,0.0000305460
0.8858772516,0.0073689525,0.0059542004,0.0057740365,0.0052056285,0.0041007083,0.0038682583,0.0036100207,0.0034335349,0.0030802174
0.2344221473,0.1883866638,0.1562666744,0.1187361628,0.1154351011,0.0595215708,0.0424341746,0.0295882020,0.0073165633,0.0055457214
0.9954328537,0.0007318176,0.0005549415,0.0003422944,0.0002737287,0.0001959472,0.0001405173,0.0001311086,0.0001252610,0.0001059753
0.9998517036,0.0000703999,0.0000304447,0.0000079986,0.0000055801,0.0000032950,0.0000023072,0.0000018674,0.0000017424,0.0000013787
0.5623161197,0.0905302837,0.0770764351,0.0630210787,0.0389767848,0.0371852405,0.0338868164,0.0076068011,0.0046791262,0.0036151260
0.9999909401,0.0000031523,0.0000016488,0.0000014568,0.0000008524,0.0000003202,0.0000002321,0.0000001746,0.0000001693,0.0000001570
0.9008807540,0.0325002708,0.0170415863,0.0043358952,0.0031135476,0.0023584198,0.0022061530,0.0021195132,0.0016532245,0.0012905604
0.4286558330,0.1329552382,0.0600856245,0.0326672383,0.0278115552,0.0190062653,0.0180522483,0.0155751063,0.0137077933,0.0132771302
0.9511720538,0.0081224786,0.0069035105,0.0048354575,0.0019065302,0.0017872725,0.0016929498,0.0016233682,0.0015765497,0.0012304484
0.0641809925,0.0558287278,0.0506629534,0.0390129238,0.0364080034,0.0273407809,0.0200361069,0.0200197175,0.0168867894,0.0164383184
0.3771375120,0.2807701528,0.0661459938,0.0527613349,0.0238774344,0.0188633148,0.0176926665,0.0157873500,0.0091984542,0.0076678284
0.5299953818,0.0331358649,0.0226489697,0.0223337989,0.0167652667,0.0137825292,0.0125952000,0.0122830095,0.0112172086,0.0104515804
0.9997938275,0.0001706832,0.0000198348,0.0000061456,0.0000015074,0.0000010457,0.0000007776,0.0000006685,0.0000005186,0.0000003040
0.9334233999,0.0154677834,0.0095279254,0.0047581578,0.0041454039,0.0025881154,0.0023940469,0.0018610570,0.0015300566,0.0014883316
0.1794583201,0.0788152888,0.0587726273,0.0463195555,0.0363506041,0.0359306671,0.0241303723,0.0135969529,0.0096726008,0.0093682185
0.6139363647,0.1054018885,0.0216832049,0.0201705731,0.0179754421,0.0145468554,0.0130753554,0.0111073824,0.0107527040,0.0087052155
0.9989103079,0.0000720194,0.0000491433,0.0000429402,0.0000364017,0.0000357543,0.0000271452,0.0000215124,0.0000185229,0.0000179469
0.2768100500,0.0704221949,0.0439761765,0.0368756913,0.0304614492,0.0184614938,0.0167218819,0.0122545827,0.0111083295,0.0093157515
0.9976938367,0.0005011768,0.0002470764,0.0001939821,0.0001896489,0.0001505228,0.0001409194,0.0000990694,0.0000961040,0.0000636608
0.9980379939,0.0001492016,0.0000688461,0.0000470584,0.0000448237,0.0000437532,0.0000379148,0.0000325133,0.0000310186,0.0000306747
0.9713005424,0.0016526956,0.0010405780,0.0006907878,0.0004582154,0.0003901213,0.0003535681,0.0003326899,0.0003293654,0.0002931421
0.7880015373,0.1493087560,0.0048251632,0.0041181697,0.0035687233,0.0026063339,0.0024419227,0.0023776358,0.0015440418,0.0013378303
0.0530190989,0.0363663100,0.0289094560,0.0285240114,0.0274766982,0.0176926274,0.0171260647,0.0161649082,0.0153036648,0.0142669380
0.4751967788,0.1097858250,0.0493056290,0.0423411466,0.0378910676,0.0221689399,0.0172859319,0.0136532784,0.0131047843,0.0114661595
0.9979827404,0.0006284473,0.0001206730,0.0000966434,0.0000722320,0.0000657544,0.0000380082,0.0000348002,0.0000278480,0.0000240829
0.7113631964,0.2793442607,0.0013238030,0.0011071806,0.0005509366,0.0004627377,0.0004287590,0.0003881572,0.0002636849,0.0002458106
0.9074758887,0.0344522260,0.0118439589,0.0069966582,0.0053248736,0.0041944389,0.0029940447,0.0026146048,0.0020993596,0.0018912058
0.7106266618,0.2798086703,0.0040650349,0.0009762160,0.0004734153,0.0003788742,0.0002035749,0.0001630987,0.0001585866,0.0001283318
0.9889005423,0.0018559584,0.0018389354,0.0008909556,0.0006371661,0.0005906507,0.0002941006,0.0002908550,0.0002846845,0.0002424104
0.2480335832,0.1785299629,0.0665516332,0.0402492844,0.0361904651,0.0317684077,0.0258210283,0.0221682806,0.0206277464,0.0181888267
0.2354155630,0.1712500304,0.1470399648,0.0555827469,0.0461588353,0.0459567867,0.0350515842,0.0265839007,0.0217161104,0.0195100382
0.4943116903,0.1912778914,0.0344342887,0.0077714724,0.0076848115,0.0073455991,0.0053198100,0.0051586619,0.0050295191,0.0045763552
0.7732020020,0.1524937302,0.0362297632,0.0088650500,0.0066350196,0.0045246989,0.0027297980,0.0026577325,0.0025102887,0.0013838245
0.9662599564,0.0065673441,0.0061925673,0.0018987051,0.0015716803,0.0012615313,0.0010784451,0.0010627729,0.0010620301,0.0008010099
0.2518003583,0.0648981333,0.0534831174,0.0525170267,0.0492300428,0.0275236592,0.0229873173,0.0175815243,0.0167384539,0.0147771845
0.9712038040,0.0030340974,0.0019565294,0.0012401041,0.0011910081,0.0011615537,0.0006917422,0.0006248329,0.0003537579,0.0003400861
0.6571699977,0.3284488916,0.0041239876,0.0008062933,0.0005215305,0.0003310331,0.0002725267,0.0002626441,0.0002448028,0.0001674555
0.8912540674,0.1065883487,0.0012592049,0.0002399371,0.0000872121,0.0000728098,0.0000593693,0.0000426022,0.0000197525,0.0000192717
0.9831120372,0.0057030437,0.0028061208,0.0013106933,0.0004932875,0.0003945671,0.0003684493,0.0003512677,0.0003495941,0.0003271737
0.7783015966,0.0384418331,0.0163104925,0.0100547159,0.0053596999,0.0046983962,0.0042717075,0.0031043624,0.0030313539,0.0019405142
0.0406659357,0.0282121021,0.0248868503,0.0238853376,0.0224541146,0.0214865468,0.0194549002,0.0188849401,0.0162491556,0.0158872902
0.9657222033,0.0088276584,0.0028143222,0.0015184932,0.0010509826,0.0008077268,0.0007237942,0.0007181591,0.0006431041,0.0005739467
0.1098804921,0.0307158120,0.0285137575,0.0267230347,0.0223055407,0.0173397698,0.0163657982,0.0150775844,0.0139865875,0.0125612691
0.6610093713,0.1177488565,0.0292187463,0.0227725264,0.0219034571,0.0071018413,0.0061478317,0.0040684780,0.0031257267,0.0028072232
0.0337108858,0.0289606396,0.0242454764,0.0227753203,0.0204143804,0.0183853377,0.0177516565,0.0155810751,0.0154690174,0.0124135790
0.9775929451,0.0013435867,0.0009868952,0.0006831617,0.0006537464,0.0006335152,0.0006130676,0.0004353740,0.0002996576,0.0002795200
0.4083095491,0.0692364648,0.0638253614,0.0569937564,0.0555741489,0.0538330860,0.0401805490,0.0134994434,0.0117831193,0.0108763603
0.9994020462,0.0001977693,0.0001097084,0.0000825262,0.0000325337,0.0000305989,0.0000302665,0.0000185529,0.0000102187,0.0000080959
0.9963986874,0.0019387435,0.0006749088,0.0004222908,0.0001999354,0.0001100144,0.0000935459,0.0000279742,0.0000154813,0.0000153866
0.2599468529,0.0512292981,0.0409880131,0.0403631367,0.0288649201,0.0162269585,0.0146624846,0.0135257086,0.0133700166,0.0125693390
0.9231443405,0.0165028907,0.0097853905,0.0080288881,0.0052622305,0.0040445430,0.0034006375,0.0030121026,0.0019664627,0.0015259600
0.0899498165,0.0560780466,0.0410723425,0.0317317545,0.0289310217,0.0276591685,0.0196586344,0.0174856018,0.0151300160,0.0141826458
0.4051893651,0.3891565502,0.1952715814,0.0007208836,0.0006752647,0.0006701548,0.0004760360,0.0004530314,0.0004127037,0.0003795665
0.9561712742,0.0200804062,0.0153525164,0.0004194462,0.0004166341,0.0002544569,0.0002436795,0.0002356093,0.0002336801,0.0002172402
0.1823983043,0.0405963063,0.0312150288,0.0280373711,0.0268538650,0.0257491320,0.0202370901,0.0172714945,0.0145276375,0.0136128245
0.9926046133,0.0007299723,0.0006620643,0.0003712091,0.0003474458,0.0002056371,0.0001608147,0.0001549966,0.0001484739,0.0001349493
0.4158557355,0.0284817833,0.0210961904,0.0121899107,0.0117576541,0.0117120268,0.0104568806,0.0098622711,0.0070954533,0.0065317932
0.5559006333,0.3087697923,0.0358248726,0.0278820861,0.0277448446,0.0137242461,0.0047986065,0.0043015494,0.0034321577,0.0027521150
0.7420779467,0.2231907547,0.0194376856,0.0114675462,0.0026010734,0.0011040096,0.0000396047,0.0000275113,0.0000113915,0.0000096362
0.9998775721,0.0000618068,0.0000463806,0.0000060065,0.0000014215,0.0000010017,0.0000005676,0.0000004180,0.0000003036,0.0000002766
0.9983769655,0.0007139152,0.0002402137,0.0001365580,0.0000387060,0.0000285071,0.0000284502,0.0000284419,0.0000258787,0.0000258334
0.5928221345,0.3049771488,0.0741456375,0.0034890983,0.0029947220,0.0015076973,0.0010245347,0.0009457694,0.0008603046,0.0007760731
0.9983668923,0.0002638119,0.0002184536,0.0000908616,0.0000802004,0.0000682890,0.0000480601,0.0000408386,0.0000361152,0.0000279843
0.9029811025,0.0398480818,0.0061416384,0.0031834291,0.0025477523,0.0022397814,0.0013233577,0.0012183806,0.0011327232,0.0008502979
0.9113757014,0.0330463126,0.0096374163,0.0044157263,0.0041367933,0.0024398735,0.0021245198,0.0015190658,0.0013396807,0.0012471298
0.9947351217,0.0021816094,0.0011969496,0.0007622466,0.0001144629,0.0000850418,0.0000592449,0.0000329647,0.0000320097,0.0000292143
0.9772918224,0.0009310863,0.0007762087,0.0004889582,0.0004787223,0.0004488876,0.0003824231,0.0003141955,0.0002766714,0.0002732656
0.5266457200,0.0574407838,0.0445436500,0.0355367437,0.0288516004,0.0272712186,0.0239774659,0.0225521922,0.0219874159,0.0158620477
0.9981745481,0.0002519962,0.0001509431,0.0001394799,0.0000891899,0.0000838978,0.0000784525,0.0000654320,0.0000538741,0.0000406356
0.9777957201,0.0116596036,0.0048852894,0.0035451357,0.0004560011,0.0004141473,0.0002422716,0.0000847126,0.0000745833,0.0000571031
0.4933775961,0.0390811339,0.0376236551,0.0324778520,0.0284154564,0.0213519633,0.0205489118,0.0198186357,0.0191431195,0.0180021022
0.1448241621,0.0224105660,0.0183927827,0.0164359864,0.0140259424,0.0137876561,0.0102882497,0.0101701748,0.0094850408,0.0094828960
0.8601044416,0.0221592002,0.0210861582,0.0041182083,0.0037629360,0.0029278207,0.0027263418,0.0021668922,0.0021166133,0.0019931300
0.9999923706,0.0000033026,0.0000004429,0.0000004410,0.0000003225,0.0000003003,0.0000002845,0.0000002560,0.0000001881,0.0000001786
0.7930203676,0.0154233500,0.0114955194,0.0111673558,0.0036653660,0.0029935152,0.0025493652,0.0024533423,0.0024477337,0.0023550401
0.8145932555,0.0977370590,0.0340540223,0.0047731390,0.0031513073,0.0029827384,0.0023567539,0.0021622046,0.0016757229,0.0014761051
0.9997859597,0.0000551363,0.0000500746,0.0000185045,0.0000139653,0.0000116468,0.0000069229,0.0000063458,0.0000053316,0.0000039838
0.8720085621,0.0419498794,0.0150133623,0.0073895645,0.0015856316,0.0013494757,0.0012986441,0.0010994469,0.0008693969,0.0008035077
0.9975864887,0.0002259130,0.0002118786,0.0001930001,0.0001427179,0.0001313791,0.0001182291,0.0001030428,0.0000777182,0.0000660060
0.4517685771,0.3810652792,0.0435237288,0.0104090152,0.0082917931,0.0057604201,0.0036495687,0.0023846761,0.0021030940,0.0016516814
0.9059944153,0.0927012116,0.0003956089,0.0003102671,0.0000826362,0.0000721187,0.0000698141,0.0000424227,0.0000393327,0.0000307624
0.9912671447,0.0006145072,0.0006008811,0.0002214951,0.0001913577,0.0001775730,0.0001705102,0.0001601907,0.0001543635,0.0001536544
0.9999171495,0.0000718870,0.0000068523,0.0000019861,0.0000006129,0.0000003582,0.0000003109,0.0000002700,0.0000002537,0.0000001537
0.3042954803,0.0908243656,0.0438952148,0.0406138003,0.0372299626,0.0195754878,0.0153214680,0.0133958925,0.0111241555,0.0104117887
0.9823927879,0.0031687554,0.0021257205,0.0015754420,0.0012318293,0.0010893252,0.0006222428,0.0005159305,0.0004446725,0.0003980488
0.9995326996,0.0002317242,0.0002246196,0.0000049864,0.0000016475,0.0000005149,0.0000003566,0.0000002695,0.0000002436,0.0000002112
0.9093326330,0.0385601372,0.0183057692,0.0106710838,0.0069941841,0.0031609675,0.0028833135,0.0019982569,0.0014358493,0.0013218912
0.7997566462,0.2000396699,0.0000480335,0.0000325135,0.0000222535,0.0000110824,0.0000106673,0.0000105117,0.0000063343,0.0000053550
0.1540066898,0.1531260014,0.0201324560,0.0120019009,0.0109793525,0.0103483908,0.0099304309,0.0095332908,0.0085905427,0.0079560792
0.9731588364,0.0057610208,0.0025182297,0.0024192694,0.0012485214,0.0010540016,0.0008395184,0.0007828597,0.0007346793,0.0006717927
0.9981704950,0.0004650154,0.0003291348,0.0003008659,0.0001791838,0.0001012311,0.0000906890,0.0000385115,0.0000373101,0.0000184918
0.8359082341,0.0892718509,0.0199242588,0.0114735868,0.0087499386,0.0077130436,0.0047989441,0.0041894554,0.0027134691,0.0023356436
0.4839110076,0.1460365951,0.1059859246,0.1042663753,0.0513708442,0.0151461121,0.0109162470,0.0105660707,0.0101415990,0.0082145464
0.8130839467,0.1402314901,0.0287573244,0.0011797025,0.0011231268,0.0010825621,0.0009398800,0.0006813837,0.0006045102,0.0005567617
0.9224236012,0.0720336288,0.0021012048,0.0008516834,0.0002858749,0.0001877053,0.0000726260,0.0000686625,0.0000669264,0.0000664426
0.9991050363,0.0001597243,0.0000854704,0.0000574087,0.0000494282,0.0000373506,0.0000357690,0.0000323814,0.0000240947,0.0000215421
0.6144337058,0.1499887258,0.0449086875,0.0407282785,0.0167915728,0.0116091724,0.0074336771,0.0071219904,0.0065880525,0.0062497500
0.0464737527,0.0326533541,0.0298102014,0.0230982993,0.0203466862,0.0154896760,0.0143102715,0.0128084226,0.0126317907,0.0113798929
0.0951748863,0.0838018358,0.0829688534,0.0705767721,0.0634704977,0.0466344766,0.0459180027,0.0373574942,0.0253219102,0.0246943403
0.5822202563,0.0089290198,0.0084628118,0.0080057690,0.0078582680,0.0078491950,0.0077985348,0.0074928254,0.0074585015,0.0072242613
0.9887409806,0.0025839773,0.0013118772,0.0007742084,0.0005889828,0.0004900126,0.0004374486,0.0003498611,0.0003077680,0.0002575619
0.2969893217,0.0744387582,0.0555567816,0.0394712351,0.0332569405,0.0253313798,0.0199178234,0.0150870364,0.0120942974,0.0114279045
0.9540449381,0.0052714576,0.0020545379,0.0015435671,0.0014947653,0.0008008161,0.0007544058,0.0006537461,0.0006103304,0.0005048816
0.0555027761,0.0329920836,0.0292389840,0.0237725209,0.0222830828,0.0181690566,0.0174357761,0.0169615038,0.0157523062,0.0141811818
0.6815916300,0.1568640321,0.0916388333,0.0440705121,0.0055178548,0.0044886335,0.0034711678,0.0020068132,0.0010306218,0.0010047745
0.5252301693,0.3280787170,0.0816143379,0.0163492262,0.0143812150,0.0109499618,0.0033409195,0.0025351087,0.0022626673,0.0021827947
0.4070081115,0.1447218508,0.0907089785,0.0376822315,0.0172680840,0.0118727991,0.0110082040,0.0103857946,0.0094840284,0.0094752777
0.8889819384,0.0060782209,0.0053514922,0.0038668977,0.0034216088,0.0030573476,0.0030033828,0.0023551350,0.0021550406,0.0020336097
0.3879174292,0.2112416178,0.1839504242,0.0629586950,0.0289696008,0.0201112013,0.0097507359,0.0072866292,0.0066819019,0.0034962164
0.9973353744,0.0026602519,0.0000018075,0.0000011702,0.0000003359,0.0000002883,0.0000002446,0.0000000689,0.0000000621,0.0000000309
0.9995247126,0.0000780061,0.0000674800,0.0000620382,0.0000459262,0.0000236857,0.0000201671,0.0000190584,0.0000164354,0.0000096766
0.4184422493,0.3838117719,0.0135081895,0.0067173676,0.0046560494,0.0044272956,0.0041623903,0.0040127491,0.0038777606,0.0034448723
0.7662298679,0.1078039035,0.0138525637,0.0115519529,0.0107070254,0.0065363897,0.0056490861,0.0052262153,0.0049220733,0.0038565623
0.6345291138,0.0259973630,0.0156807713,0.0137320468,0.0109606152,0.0100648291,0.0091152163,0.0077108452,0.0075757066,0.0072990884
0.9993541837,0.0000960993,0.0000478520,0.0000442389,0.0000191194,0.0000156385,0.0000134534,0.0000130408,0.0000120782,0.0000109473
0.9020881653,0.0065873354,0.0057824799,0.0030849425,0.0030567229,0.0019100729,0.0016004151,0.0015631357,0.0013304183,0.0012845233
0.9904580116,0.0023289621,0.0006339296,0.0002690072,0.0002682835,0.0002559937,0.0002072936,0.0001943531,0.0001822094,0.0001747628
0.0372589380,0.0275507346,0.0224066321,0.0191577319,0.0177583061,0.0167893078,0.0155953849,0.0151671013,0.0137368729,0.0136633441
0.6142497063,0.3614178300,0.0172983259,0.0021129479,0.0010072474,0.0009402251,0.0002553384,0.0002379216,0.0002300730,0.0001690457
0.9572313428,0.0358191505,0.0016462263,0.0011519593,0.0007358231,0.0006234875,0.0003790067,0.0002888499,0.0001973301,0.0001379487
0.9809282422,0.0086028371,0.0056307567,0.0027144093,0.0002959038,0.0000808492,0.0000744313,0.0000639677,0.0000521337,0.0000476680
0.5158474445,0.3377513587,0.0343402922,0.0134804929,0.0126196602,0.0119246738,0.0072047506,0.0058401632,0.0044405428,0.0038015423
0.3187581003,0.1439382881,0.0456133075,0.0372865722,0.0241381265,0.0231775306,0.0214773323,0.0205929168,0.0203477833,0.0130323144
0.9932385683,0.0026296899,0.0005582804,0.0003506848,0.0002119962,0.0002049696,0.0001948249,0.0001391538,0.0000911575,0.0000839386
0.1638393551,0.0854458734,0.0186617225,0.0176220089,0.0162418988,0.0158951432,0.0157158766,0.0117659857,0.0117042251,0.0115127563
0.8783527613,0.0793572888,0.0031016846,0.0017796976,0.0017417850,0.0014872483,0.0011587386,0.0010464868,0.0010391929,0.0010316231
0.8170167208,0.0477001518,0.0133026885,0.0051933508,0.0040562591,0.0038909980,0.0034385975,0.0028374884,0.0027145194,0.0023510789
0.0599389188,0.0576203279,0.0428673513,0.0332940295,0.0305611100,0.0275773201,0.0255353563,0.0190395024,0.0150778433,0.0126180947
0.9187488556,0.0280591752,0.0107929213,0.0052254708,0.0051227249,0.0050929622,0.0049416563,0.0041987393,0.0014155208,0.0013698635
0.9350868464,0.0020518135,0.0015135272,0.0015068970,0.0010761495,0.0010346361,0.0009517259,0.0008890595,0.0008700491,0.0007915880
0.9336244464,0.0029040377,0.0025315424,0.0013850736,0.0013675820,0.0012926094,0.0011018711,0.0010618862,0.0009380698,0.0008554760
0.2379173040,0.1664899886,0.1564403176,0.0988079533,0.0486891530,0.0330670029,0.0310346764,0.0147868274,0.0089805992,0.0087120775
0.7424535155,0.0862961784,0.0269998759,0.0156970676,0.0078408960,0.0051049204,0.0030654445,0.0025708266,0.0024775842,0.0024365457
0.7682702541,0.0252673123,0.0123811923,0.0092809936,0.0086106462,0.0084548499,0.0082567334,0.0077237980,0.0062141703,0.0049004508
0.8280478120,0.0897131041,0.0050203092,0.0041706045,0.0035096910,0.0030227150,0.0029623441,0.0023745333,0.0020354069,0.0013894765
0.9755421877,0.0012389841,0.0009453028,0.0008317943,0.0007430197,0.0006916521,0.0006587704,0.0005593208,0.0004800406,0.0004109278
0.9666694999,0.0032808103,0.0025347159,0.0023391708,0.0011413783,0.0010022066,0.0008414781,0.0006640274,0.0006138826,0.0004686616
0.8488497138,0.0830057561,0.0279531032,0.0075998437,0.0020581519,0.0020211076,0.0018685025,0.0017413999,0.0017047584,0.0013720752
0.5050557852,0.1851745099,0.1395546049,0.1098092943,0.0078036427,0.0052820421,0.0043435632,0.0041112895,0.0034993065,0.0024925936
0.8986908793,0.0168851037,0.0125542525,0.0070909616,0.0064669373,0.0043779020,0.0038669207,0.0035938944,0.0023055298,0.0020175539
0.1508525014,0.1486616880,0.0521484464,0.0520692319,0.0357201025,0.0344328023,0.0317885131,0.0273377616,0.0229285285,0.0221622847
0.8179056644,0.1059225500,0.0067757722,0.0027584867,0.0026323409,0.0021911555,0.0021529100,0.0021072498,0.0016703908,0.0016289242
0.2142192721,0.0815334097,0.0658189803,0.0581963323,0.0335826315,0.0328001231,0.0315441713,0.0235604458,0.0233422983,0.0222385041
0.9942378998,0.0004066609,0.0002593845,0.0002315195,0.0001793135,0.0001705858,0.0001661729,0.0001589756,0.0001529771,0.0001366275
0.9742971659,0.0218591634,0.0025858956,0.0002708247,0.0001392493,0.0001339684,0.0001123138,0.0000826515,0.0000781123,0.0000779237
0.3935475945,0.2316050529,0.1624489725,0.0514025725,0.0234434903,0.0162604190,0.0155990506,0.0105266580,0.0104509462,0.0088220919
0.9715662599,0.0052811401,0.0027149615,0.0020470438,0.0019876081,0.0014033454,0.0009692549,0.0007940253,0.0007530043,0.0006449386
0.9968476892,0.0014243448,0.0009576050,0.0002498886,0.0001992666,0.0001354967,0.0000412681,0.0000373360,0.0000183397,0.0000103121
0.9909872413,0.0026875355,0.0010596388,0.0008795083,0.0006247709,0.0005738898,0.0004801161,0.0004021843,0.0002979335,0.0002865253
0.9810567498,0.0032297282,0.0017962623,0.0015565710,0.0014445644,0.0011255987,0.0007254407,0.0006962557,0.0005347402,0.0003936750
0.8806817532,0.0338669419,0.0210988112,0.0159335416,0.0128679210,0.0094311042,0.0066496171,0.0063526044,0.0038219241,0.0025880858
0.6649627686,0.1151671633,0.0673407391,0.0236787610,0.0179196298,0.0079008695,0.0073445248,0.0048281476,0.0041764914,0.0036301664
0.9996625185,0.0002416825,0.0000104393,0.0000101406,0.0000051684,0.0000049988,0.0000026976,0.0000025879,0.0000022784,0.0000019531
0.5968275070,0.0943233669,0.0738280341,0.0389100984,0.0356514379,0.0213437788,0.0153216375,0.0125237089,0.0093500167,0.0079097981
0.9017168880,0.0217228476,0.0055387048,0.0051353490,0.0044145165,0.0042894436,0.0035468512,0.0030930729,0.0020821481,0.0020139131
0.9997984767,0.0001614851,0.0000168007,0.0000047039,0.0000034285,0.0000018195,0.0000015965,0.0000012986,0.0000008720,0.0000007121
0.2914209962,0.2382779419,0.1412643194,0.0663281307,0.0556383543,0.0162092987,0.0140483407,0.0085497443,0.0081466073,0.0064990749
0.2160258144,0.0305502750,0.0243612882,0.0223208871,0.0181962363,0.0178231169,0.0162252076,0.0141068790,0.0137015060,0.0128619196
0.9968546033,0.0025649068,0.0004846829,0.0000147444,0.0000138305,0.0000061000,0.0000056885,0.0000040928,0.0000035721,0.0000032195
0.1002088711,0.0422558077,0.0185187459,0.0169128999,0.0157736018,0.0148949893,0.0142958611,0.0142941037,0.0138698267,0.0134050176
