1022,1022,1850,1815,1213,477,548,154,1623,138,769
444,444,1450,585,752,1660,1804,295,838,1701,370
748,748,1169,940,1246,995,812,1902,1821,1395,1414
1733,1733,1274,1427,103,1569,413,1843,755,109,1133
745,745,1446,1589,280,1254,440,998,1660,372,213
1238,1238,1212,1379,623,96,388,549,694,964,442
1832,979,860,1237,81,1020,1210,131,1106,378,1577
1914,1914,1151,89,741,817,967,950,602,1487,1767
946,1542,1954,1325,828,514,151,926,1779,63,993
63,850,489,1765,1663,1746,1410,555,1948,848,1756
1061,731,704,1087,612,1094,970,732,1642,1388,803
803,704,1642,1087,427,1555,1495,731,772,586,494
1897,1076,1897,844,1362,1340,1610,854,39,1025,1994
1682,1682,1069,1399,577,1446,1869,1852,740,487,1571
213,213,1402,1256,1896,332,1536,848,1474,968,293
1264,1264,512,7,884,1461,741,1465,1319,737,561
1734,1734,348,1648,1805,373,800,1911,369,353,1865
447,1986,447,905,1032,1443,1891,930,205,217,1329
1464,1310,1464,1989,1078,450,1015,4,1765,519,800
1653,1653,1232,41,788,1927,1648,858,1378,1801,1821
862,862,1070,1737,1256,1269,1402,601,1315,1186,1150
1296,1296,1998,411,1046,979,925,1063,442,1986,1991
1917,1917,415,955,1456,235,616,227,512,1457,167
976,976,1056,592,1211,1932,96,964,1946,364,496
1595,1595,1805,221,1115,1071,968,1911,805,1782,51
1628,1517,925,1628,1955,1346,1121,1026,1633,1700,1372
431,427,494,1555,704,590,586,1642,731,1874,1087
1593,1426,1019,1573,774,599,237,1905,717,1418,335
98,20,98,1602,1105,1346,1010,1111,915,1703,879
1747,1747,1564,303,1247,1031,1675,1425,992,734,1883
1910,1910,649,1982,1491,1409,1002,1370,91,950,860
1403,1800,1318,1497,199,1040,1403,1314,653,1096,1648
1838,1838,1418,1387,1250,1566,1048,1756,796,1877,1474
1732,1732,1148,979,1722,23,1296,189,256,950,602
159,971,1404,100,845,34,587,1113,1256,1402,333
1861,1861,457,1562,681,1456,227,1463,1288,588,706
305,305,489,1746,661,1777,1380,1707,796,946,1756
440,440,749,745,466,205,1894,1891,976,321,1437
1249,1249,1580,1633,413,965,605,1185,1569,1524,1568
813,573,813,1399,1718,483,776,15,24,608,1123
1176,1176,1118,252,396,670,502,1728,551,6,904
1270,1270,1045,1624,807,1710,1159,1540,5,1042,798
767,767,1493,1101,1563,1373,1731,29,1578,1269,1600
219,219,539,1934,1728,594,878,979,152,1118,927
1177,1177,718,969,36,642,1106,1831,160,1215,1884
110,110,162,1173,502,1055,125,1612,949,1853,822
858,858,60,215,434,38,1336,1497,308,788,1309
180,180,1068,1797,1545,7,19,1392,291,747,155
573,573,813,1872,1242,1889,1698,1534,1437,1263,1718
1887,101,1918,1510,325,1880,449,793,562,1017,1437
1158,924,843,1885,273,22,610,274,1418,560,1041
1221,1288,730,874,1861,611,681,740,1057,229,1103
457,1006,681,571,874,1584,215,1408,1057,429,1909
1450,1450,262,938,530,998,353,1557,1808,1320,423
574,574,293,127,1881,657,1295,1064,1505,65,100
1546,162,1546,365,988,1194,602,347,502,518,110
94,94,1229,838,140,1073,1744,257,1606,1728,1450
638,979,1277,718,1106,619,967,741,292,822,1016
744,744,488,1893,689,337,1331,1375,275,1479,1976
1601,1601,1044,1064,1505,648,696,855,484,574,561
1157,1157,1220,972,838,1223,659,900,139,1315,267
1952,1952,744,202,1549,403,1612,567,662,194,601
675,675,483,646,456,1237,291,311,148,239,1272
1021,1021,1392,1479,967,1016,1209,235,584,1569,394
1487,1487,634,199,1313,854,247,1193,918,275,346
290,1286,1746,1650,260,1543,775,712,714,821,1683
866,1043,866,938,1403,530,776,1489,1557,1320,1202
1987,1987,1871,909,1338,1313,1779,11,1269,138,154
686,686,1285,46,129,398,1939,1600,1765,217,1471
1385,1439,1385,853,271,1789,1779,938,241,993,889
1763,1763,442,28,958,378,81,1657,1360,1668,441
1307,1307,1390,631,568,1438,395,222,762,1925,1798
889,889,1907,1467,1505,1266,1637,938,909,35,1275
22,22,506,1445,373,1505,1250,461,294,1766,274
1697,1697,487,962,740,1216,1318,1573,121,1825,1096
1975,1975,840,1950,1545,291,180,1889,264,326,74
1900,1900,1202,875,1773,565,723,966,577,1591,1552
556,556,1882,612,704,1144,1495,1285,383,1017,1158
294,1505,949,294,1173,156,909,1206,125,7,502
1920,1920,1293,318,74,1512,239,579,904,1060,739
1159,980,168,1042,446,243,1488,1867,876,483,17
752,752,640,1680,1859,444,1571,423,977,33,727
1810,1810,427,1210,1874,1479,409,1657,1929,731,1016
700,700,609,19,561,1855,268,453,488,1501,1112
772,772,1667,1907,495,1090,685,1495,1087,112,1882
615,344,615,1179,1638,119,710,451,1134,1365,962
1386,1386,41,63,1533,483,848,1630,794,1704,1653
837,837,1744,251,202,1073,744,1610,94,437,771
833,833,751,464,1930,948,1100,149,900,641,372
581,144,811,237,1298,740,147,1631,1160,1203,1019
330,330,637,364,791,845,1056,941,1686,751,1446
538,620,1357,538,1366,1268,892,1611,1721,196,1480
515,515,869,1833,1784,1248,1211,208,1256,768,1793
113,113,1112,1372,888,390,619,781,1164,1150,666
1766,1766,1445,294,461,1762,373,171,1137,301,22
1979,1979,37,758,201,1843,1209,955,972,1042,599
303,1281,683,1175,1948,1103,876,489,1395,1902,1850
1060,1866,1060,579,1130,1024,965,729,335,1273,1659
1143,688,1035,397,1490,548,1085,861,1990,204,509
35,35,65,327,1635,1064,1766,867,100,22,843
1342,495,843,715,22,560,1812,273,1250,1260,1064
982,918,1428,1808,999,1178,1838,373,1953,1637,221
1034,1034,813,1927,770,1637,454,1412,388,1165,776
1625,1528,1625,1795,1913,1360,695,1617,1551,118,1098
542,542,306,1850,217,1426,549,764,69,587,978
1294,1294,606,143,1225,1213,577,1815,477,1299,146
944,944,473,1479,113,448,1220,1837,394,643,235
1318,1318,1800,237,884,276,930,1497,1314,1403,1706
911,1842,911,950,1830,867,979,36,1215,392,960
345,345,1562,457,1456,227,1917,1955,955,589,121
1215,1623,1774,861,1680,1245,1365,477,1069,717,1988
410,410,1315,488,1683,1193,478,1543,744,391,580
1209,1209,1893,275,488,235,1462,1993,584,1377,1955
1256,1256,757,419,1012,909,388,208,11,1401,1477
539,539,927,822,979,36,189,837,955,718,1479
605,1569,413,1633,1733,605,1274,311,1580,109,965
1884,869,845,208,1986,100,410,1032,1256,971,250
1366,1357,1366,1237,375,1105,456,1210,1668,1268,1760
571,571,195,36,1819,750,1208,189,1577,1739,1230
458,458,538,126,393,1346,1700,93,694,541,1063
989,989,1009,1641,945,815,1394,462,313,227,1309
372,372,745,1100,280,1589,321,663,1934,1728,1802
1972,1972,955,1409,972,252,654,1296,1016,966,1185
400,400,1567,1889,375,20,50,1147,1088,771,1334
1300,1817,1300,780,536,505,1238,339,872,10,328
1650,235,584,983,1650,1375,1936,139,25,404,1462
1848,735,1848,2,182,1694,1284,656,940,844,1003
36,370,1823,142,1484,1956,500,1161,683,714,1234
1241,904,1241,670,804,1974,1808,118,1587,1146,1766
1542,926,1224,91,1542,1427,1478,1325,163,993,99
1024,913,378,1590,1132,144,1024,853,54,164,240
848,943,1597,72,848,1798,1764,1766,373,808,14
1963,1963,1624,474,1358,99,337,725,1326,1664,462
104,1582,189,822,718,1277,377,1210,979,1506,1493
1349,1349,456,857,1841,1597,1237,1272,804,1263,1792
1547,1547,1269,206,236,547,136,403,531,662,473
80,80,1767,950,1847,1120,1052,1358,657,979,1544
393,393,1346,458,589,1436,538,1753,1679,1955,93
827,827,1528,96,1212,1913,1785,118,138,14,1593
987,987,1082,412,1220,532,498,1723,267,888,1502
1394,1472,1483,855,463,1282,1895,1305,717,61,599
1066,1066,1501,884,1561,692,975,1690,866,1291,1665
966,966,252,881,1112,1629,955,268,1659,1844,1859
841,825,491,506,274,384,1536,703,383,226,577
1867,144,1590,1867,1299,913,1203,1721,164,307,991
155,155,885,86,760,1306,1271,967,721,1227,432
1413,1413,1416,935,1584,1278,1460,572,1497,571,722
845,1884,488,741,689,208,1148,1526,100,955,337
634,634,741,1487,1313,544,100,1928,1012,1828,1899
306,865,306,316,1329,764,455,681,1086,321,466
329,329,1156,369,618,181,289,1422,1166,1398,1323
1225,955,1940,366,1904,1129,1884,131,1670,560,375
1803,1803,63,85,808,1838,999,1691,982,1442,1312
30,30,864,1437,1001,1330,1934,1413,1740,1552,719
699,699,1502,590,1300,1086,1050,1802,486,314,1548
245,927,539,245,631,1536,1112,244,881,1577,186
395,395,1962,1925,1211,1248,386,549,1833,614,317
1005,1005,438,89,967,1828,597,127,286,1970,1431
674,674,1461,1830,834,561,1356,1656,1264,246,512
1271,1271,747,1392,1277,1624,721,1929,474,394,189
1362,1819,1362,1896,1107,551,1911,1492,1670,428,1501
1237,1237,456,1349,1767,1529,1263,846,804,657,1841
177,177,997,939,153,1669,1487,1785,1266,312,1459
975,776,1698,975,339,238,730,750,948,1477,505
1058,1058,1641,692,49,232,953,469,373,475,13
1827,1298,144,740,121,1827,229,393,1955,1096,487
307,307,271,978,740,897,46,1488,1850,1867,1721
527,527,1830,512,1959,1027,1328,962,884,1457,1218
1699,1699,1322,1859,1701,313,1680,1841,252,752,977
1938,1938,1380,32,1436,1417,1781,786,199,1374,1394
678,678,58,315,588,1343,1396,1323,42,390,1907
701,701,1781,1071,1003,805,247,356,1805,43,1166
65,65,1818,1904,387,823,1297,1635,1191,1965,965
1551,1551,1528,695,516,1038,1795,1510,438,665,1761
922,1895,37,967,1979,1021,155,758,1472,436,717
1049,1049,445,628,1506,955,834,881,560,292,765
1288,1288,1861,681,588,1463,1281,106,1221,456,343
1578,1578,710,1110,1294,1638,1027,1179,1373,70,767
1031,1031,1033,308,1346,149,548,311,624,367,401
399,399,1031,1745,1123,367,289,1497,548,1033,401
1527,1527,1558,615,825,188,22,565,262,867,506
1207,1207,195,85,884,1876,1924,1318,811,1497,276
1790,1790,1670,539,955,869,208,1536,138,927,560
1154,1154,950,1831,1558,1881,1840,969,804,1219,1335
1112,1112,881,1577,619,268,966,1119,1526,1493,955
231,231,1223,1329,1246,1286,813,1648,1533,920,607
1091,1091,738,1988,146,861,898,1215,1506,1085,1623
1718,1718,1112,881,966,268,113,642,910,1146,904
742,1915,742,956,1356,834,1963,228,1422,1064,506
1891,1891,1986,1670,1032,288,1793,869,789,209,1408
4,4,1173,1257,741,462,1044,1427,1409,1603,1177
950,950,1544,1163,1335,1934,1767,80,1635,114,1052
50,1936,272,1121,1955,375,400,580,488,81,1567
749,749,440,976,1400,1894,343,1946,745,205,321
932,1731,767,1467,1373,1037,1563,372,1862,637,1226
1301,316,1301,464,1100,230,536,1906,683,833,1686
1186,488,1186,1135,391,1683,275,1193,1316,25,800
710,1149,1080,149,1973,1067,1794,1245,1519,451,1457
906,1958,896,722,1884,1681,1409,239,1148,1846,728
969,969,1831,1277,718,1884,1526,822,950,189,1929
1391,1391,167,224,1023,1167,570,367,1031,61,1744
1402,1402,1037,1256,741,1487,909,862,720,293,562
1881,1881,1476,479,1064,1772,1965,1409,654,160,1282
735,2,735,1694,1848,38,844,940,311,272,1053
1945,1945,1618,618,918,1877,329,1359,190,1781,1187
516,516,435,131,198,1883,955,221,518,1728,1768
254,254,655,815,112,484,843,1870,1189,1072,187
1289,1242,1872,1259,1347,1813,1437,1393,421,409,1903
389,389,607,601,269,276,930,1279,1286,1836,633
1337,1337,939,569,268,671,11,1138,200,1148,1739
1113,1113,1256,1012,1683,100,1862,1709,135,563,1453
936,958,937,936,378,46,1299,1508,991,144,978
1331,1331,1730,1854,744,358,891,1903,800,638,1936
236,236,1912,29,601,398,1493,1976,1173,1725,206
1244,1244,934,318,43,1899,1438,1702,863,4,1662
1266,997,1266,177,1587,1808,1897,71,1451,153,1241
1679,1679,350,1947,1267,1796,1023,1346,199,393,538
1027,262,1102,1027,938,962,500,1320,1467,868,941
650,650,1330,866,1027,651,1638,262,1103,1630,1102
1206,1505,1173,1206,1429,125,949,294,953,1976,1830
1596,1596,1863,5,1019,144,1540,147,87,1042,1045
1282,1282,1409,1215,1904,1844,950,153,1935,1830,272
205,205,195,1480,172,1296,440,745,976,1577,1986
1006,1006,1297,1141,1427,965,1257,903,1046,1274,1130
89,89,967,1005,438,1970,656,1083,1914,1431,1054
1263,950,1767,1237,239,216,649,82,1020,1083,1724
754,899,222,762,754,652,357,1111,437,1645,1474
1213,1213,1465,66,1199,954,1760,1216,1122,1126,1773
239,239,642,1526,1237,1884,1409,822,658,109,1512
1643,1643,1184,384,774,226,1176,1729,1274,507,491
778,778,16,1414,1547,1432,1888,92,1858,921,1604
1779,1779,1303,1081,1143,92,1843,236,1706,29,215
1771,1771,1074,1501,544,1665,832,1730,1668,741,1056
593,593,1338,1066,1899,1073,1362,138,1092,428,1804
1695,1695,1278,954,1902,1413,572,1933,172,818,1188
1670,1670,239,1884,1940,1146,1986,1819,955,131,1891
128,522,128,1237,239,1912,1670,26,1493,837,822
1946,1946,746,1577,1400,1272,749,1112,1894,781,1119
1455,1918,101,1455,1329,1017,325,64,792,1408,821
1807,1807,1016,1942,1742,346,351,235,605,1116,1372
37,37,758,1979,717,599,1042,1114,1905,155,1342
647,647,584,1462,1209,1650,488,25,1955,275,235
1989,1989,28,588,1826,1310,733,1522,1944,450,271
1127,1127,282,1841,1591,966,1119,1804,331,804,1592
1704,1704,0,905,1918,1017,418,1511,1865,801,1089
1410,883,384,1348,769,1216,681,1103,1579,1967,1388
1794,1121,1901,1346,925,1517,749,451,131,1437,1794
1535,1535,1449,1675,1009,1624,524,1911,996,337,1078
1999,1999,187,477,484,314,1598,1411,1811,395,692
1373,1373,1638,1578,1285,833,1322,1027,113,767,870
1706,1439,1706,959,335,52,273,1081,938,206,1789
1744,1744,820,812,443,1188,398,691,1504,611,920
1423,1423,1114,758,1979,1878,305,1312,61,1258,1658
1726,1726,481,1112,781,991,1208,378,1170,1652,1577
25,235,1650,584,139,1223,1648,25,1157,1378,1673
1281,1288,1463,681,1861,106,588,55,1221,605,748
105,105,834,435,163,1755,1509,1277,967,1728,1739
1919,1788,1503,933,559,1951,1122,1923,160,150,82
1539,1539,235,1810,871,1726,1864,1283,601,1101,900
750,738,393,750,1930,1198,900,1955,1852,146,948
275,1545,1392,1277,718,1526,1479,337,741,394,822
1671,1671,869,761,1161,1535,1886,1675,1212,953,294
794,794,1835,328,992,1254,1138,533,1003,598,1765
1609,1609,1118,955,263,1884,1976,809,138,1669,1637
111,111,1241,1034,1558,938,1974,1154,1840,1217,1841
1782,1782,1728,1536,621,1750,1256,745,1147,1291,222
1693,1173,718,822,1493,1106,1210,36,109,189,7
407,407,1738,662,1027,868,1779,1706,1385,1243,1315
1446,1446,1966,745,1652,976,336,1606,94,1849,135
850,88,47,357,1622,1079,404,899,1581,1095,1599
1533,1533,203,1433,776,813,231,982,398,1803,848
1063,1063,350,994,663,1435,466,1368,1767,1847,637
595,595,1713,174,1572,834,1220,1140,553,628,1689
138,138,757,1907,1884,263,1670,1128,863,1064,1986
1167,746,1272,1715,1254,1066,1946,1330,1977,1167,716
1306,721,86,323,747,1045,1631,5,1271,1306,474
529,529,587,1644,1471,273,1820,684,1789,1772,538
1960,620,1268,1480,1708,1577,1296,1357,196,892,679
929,929,335,450,26,1710,1670,239,1270,268,1068
993,993,1542,926,1526,1053,208,91,1148,1340,1911
1799,13,1799,1542,71,530,1219,1255,1779,188,565
597,597,560,1878,950,1828,1490,31,1335,438,1005
46,1237,979,189,1296,1215,442,1577,718,765,822
143,143,195,1299,146,1122,663,1839,1494,1213,612
479,479,1881,1772,1965,81,1476,201,741,1064,1046
940,940,748,1161,995,1546,1376,1961,1953,1171,1785
1788,1788,1503,933,559,1122,1951,1440,1923,1154,160
26,26,428,1859,1489,1034,1362,1808,918,1029,1109
32,32,955,855,720,1260,1519,1720,1425,1023,23
636,1326,967,1005,1083,1054,89,438,636,163,105
174,174,1140,553,595,1689,1572,1963,728,973,1326
42,42,1559,1995,1486,1110,1415,1014,678,29,315
277,277,1602,1232,817,1312,1858,247,1039,1546,1487
999,1363,999,1316,1284,317,960,1453,302,968,1609
904,904,670,1808,804,118,1146,202,1974,1241,61
1745,1415,886,1985,426,1898,1014,1438,1597,808,844
134,134,679,1868,1273,1116,36,1161,285,26,403
1451,1451,118,1951,1767,1173,979,939,822,256,342
184,408,184,992,1138,627,1950,1254,137,238,1698
1685,1329,1685,920,607,418,691,1286,1279,1648,1223
359,671,1668,1739,359,195,729,1656,1854,619,1337
585,585,36,822,1116,579,831,189,1577,750,679
1332,1967,1426,1905,883,681,1348,1580,1153,217,1562
169,1277,718,979,822,189,394,1526,1392,741,950
629,75,956,629,924,955,560,1965,843,506,1239
971,971,159,423,845,333,637,946,100,1404,720
1037,1037,1148,741,955,1526,1884,208,292,689,268
251,251,1449,742,1071,601,1428,516,221,1670,1744
1283,1283,1144,1729,175,1719,157,788,731,1309,431
1853,1853,99,1415,1951,1844,502,817,822,755,162
885,885,86,1306,306,681,876,1631,760,1861,830
1053,1053,272,625,81,580,1567,1526,1209,470,765
175,1275,320,711,1110,548,1939,772,612,1667,1495
683,142,1301,801,464,935,370,1565,683,1960,1715
1357,1357,1366,1363,620,1611,456,1711,892,908,352
715,1162,1791,1342,1485,728,715,1457,896,1299,1905
385,276,385,149,243,1042,1631,1045,1794,270,483
834,834,105,621,1356,1755,1536,1124,435,1115,1615
1092,1092,189,579,822,741,979,512,757,160,1493
1629,1629,949,1295,189,74,1493,407,1844,1512,642
1344,1344,1098,1587,113,1913,1840,1032,1986,100,1383
1008,1240,722,896,611,388,776,1796,1008,753,1777
477,1245,477,861,1365,1085,715,1623,1774,1215,1885
1120,1120,91,292,979,950,765,1526,394,1569,1409
1540,1540,1332,1418,1042,414,1019,85,304,112,1189
1095,1095,357,1581,455,1389,1537,308,1079,1175,1622
1142,1142,1020,1700,393,458,1988,1437,338,1259,1913
840,840,1975,1950,1366,1844,573,291,817,963,152
1404,211,100,923,742,34,500,1505,1428,213,968
304,965,413,1733,1569,1633,1274,1580,605,109,1249
642,642,268,1718,1027,904,407,1146,239,1612,966
1339,1339,1073,1003,805,746,771,1936,356,76,1638
375,400,1567,375,20,1889,50,1304,625,1936,1806
1660,1660,1744,820,1902,149,1169,1134,900,1167,1638
1492,1492,1293,701,800,340,134,222,999,929,1253
815,815,1756,43,4,1518,281,1309,171,218,1603
15,15,716,1718,666,101,813,1112,779,1869,148
337,337,689,741,1148,1498,1375,1277,969,739,1893
968,1722,968,1784,1891,259,1425,745,1167,332,1782
562,1918,1329,1455,821,1017,64,1279,418,1089,1286
1071,1595,1805,1071,805,1124,968,1686,745,701,247
235,235,584,983,1375,1227,965,1926,1372,1673,404
1875,1875,1597,1474,1014,886,1327,554,1985,1838,808
1125,1125,394,19,1526,1392,831,969,718,1440,189
1840,1978,1840,12,750,814,776,1323,730,454,1571
220,220,822,1831,910,1693,969,964,1508,1884,1458
519,1053,580,272,625,1567,1519,1149,1674,1334,1417
115,115,1664,20,1694,1687,2,1431,967,86,311
1712,1712,151,408,776,498,276,67,916,1074,813
1865,207,1865,348,607,1511,1685,1204,1017,325,418
