0.9875939488,0.0008991428,0.0005031915,0.0004334842,0.0003608656,0.0003584335,0.0003463494,0.0003083570,0.0003051563,0.0003032829
0.8709714413,0.0212411303,0.0121809226,0.0094596073,0.0061211507,0.0059013804,0.0035361089,0.0027720078,0.0024284855,0.0018687551
0.4816963375,0.3975293338,0.0440738574,0.0328883789,0.0125513487,0.0095859533,0.0056159990,0.0016367291,0.0014206268,0.0007706230
0.5293210745,0.0552068017,0.0223440379,0.0103527326,0.0082623484,0.0077715204,0.0076144054,0.0074473978,0.0063995188,0.0058896556
0.9961110950,0.0003608757,0.0002942633,0.0002936928,0.0002332207,0.0001818937,0.0001326446,0.0001084553,0.0000928404,0.0000896411
0.9896672964,0.0077101309,0.0008414337,0.0003856158,0.0003506056,0.0002471064,0.0002316794,0.0000888978,0.0000562862,0.0000536884
0.0710101426,0.0294716619,0.0259860773,0.0232677460,0.0185764544,0.0179593191,0.0155493040,0.0121032894,0.0113701019,0.0111522842
0.9987267852,0.0000728149,0.0000687723,0.0000347013,0.0000329251,0.0000292155,0.0000271076,0.0000234979,0.0000223684,0.0000212702
0.9335545897,0.0085643195,0.0076859435,0.0068390970,0.0061003864,0.0034111957,0.0028451446,0.0024919810,0.0021670952,0.0018078304
0.2729193866,0.1033178866,0.0651130751,0.0479133502,0.0403688699,0.0238644686,0.0186758917,0.0160398893,0.0153941950,0.0112168100
0.3621086478,0.2802191079,0.1204872951,0.0355730020,0.0260832123,0.0151946861,0.0135947196,0.0118408687,0.0116425939,0.0085118618
0.6829960942,0.0656382889,0.0560379140,0.0204387419,0.0186137687,0.0159061141,0.0155476099,0.0139479823,0.0104358066,0.0100668119
0.2307977974,0.1139013544,0.1048376262,0.0420581028,0.0270483196,0.0229389798,0.0211051870,0.0187912229,0.0149246417,0.0138626136
0.9017496109,0.0262931269,0.0091394233,0.0079520708,0.0052817096,0.0051784012,0.0047899275,0.0044540251,0.0034303509,0.0024927435
0.4055123925,0.2281971127,0.0681119040,0.0463846736,0.0254445449,0.0232936926,0.0155601706,0.0143537419,0.0110033182,0.0085126366
0.8661268353,0.0069504827,0.0063667186,0.0035180033,0.0028804764,0.0028161420,0.0026556202,0.0024942523,0.0023555444,0.0021775232
0.9330840111,0.0220103469,0.0146224378,0.0031189783,0.0029610856,0.0019940911,0.0018004652,0.0014793806,0.0011377776,0.0010017161
0.7354345918,0.2454551756,0.0029434147,0.0019054402,0.0010268448,0.0009414890,0.0008539244,0.0007508632,0.0007373288,0.0006878779
0.3250604272,0.2933479548,0.1554335207,0.0966158509,0.0517320558,0.0098467078,0.0070789582,0.0043777130,0.0037792705,0.0022894882
0.9910033941,0.0009062206,0.0007694957,0.0005065666,0.0004658556,0.0003989883,0.0003942835,0.0003644660,0.0002685518,0.0002365962
0.9932355285,0.0012594018,0.0006756306,0.0005428027,0.0003257423,0.0003254337,0.0002341310,0.0002016554,0.0001846216,0.0001828406
0.9993121624,0.0000417078,0.0000412750,0.0000376429,0.0000258751,0.0000216661,0.0000197321,0.0000165531,0.0000162332,0.0000160779
0.7602433562,0.0786434710,0.0121576535,0.0071879500,0.0070896838,0.0065791220,0.0057241549,0.0047513102,0.0038846338,0.0033731088
0.4813713431,0.3081916571,0.1100506335,0.0478046127,0.0072322786,0.0035799181,0.0020199551,0.0018507686,0.0017124052,0.0015130929
0.4523607194,0.1263374835,0.0525087230,0.0498871878,0.0441528969,0.0422498882,0.0213366169,0.0207925644,0.0122436890,0.0114290146
0.9297917485,0.0378925242,0.0107690915,0.0077056279,0.0020123310,0.0019063945,0.0013279542,0.0008165637,0.0005594617,0.0005193197
0.6640905738,0.0428142063,0.0324767418,0.0239400212,0.0166484658,0.0165384207,0.0155267073,0.0095875086,0.0084767155,0.0051300521
0.7322768569,0.0621890575,0.0308700763,0.0198368412,0.0173942354,0.0144476518,0.0139218001,0.0119492412,0.0062872488,0.0058560972
0.2291090041,0.1463013738,0.1383097023,0.0870799720,0.0780002400,0.0527233183,0.0496234410,0.0384791121,0.0225570016,0.0139887128
0.9940996170,0.0012060417,0.0007249896,0.0004172713,0.0003313033,0.0002451522,0.0002161821,0.0001924499,0.0001477947,0.0001411963
0.9473221898,0.0209443290,0.0041812062,0.0014147632,0.0011250537,0.0009995501,0.0007257063,0.0005036069,0.0004762165,0.0004711309
0.8900938034,0.0707858503,0.0364537016,0.0003069665,0.0002966071,0.0002630310,0.0002312271,0.0001912743,0.0001119242,0.0001083992
0.9588181376,0.0040554493,0.0036917464,0.0035484023,0.0027170733,0.0016155663,0.0013922033,0.0012642435,0.0012495444,0.0009568217
0.9999165535,0.0000321200,0.0000071587,0.0000043611,0.0000043530,0.0000041034,0.0000038701,0.0000031717,0.0000025537,0.0000019659
0.2628512084,0.0870750770,0.0845547765,0.0637431741,0.0489472821,0.0466829799,0.0335256122,0.0298914704,0.0276673231,0.0142817684
0.4218306243,0.3324218094,0.0505905934,0.0305489171,0.0157017149,0.0154570350,0.0152568063,0.0150052737,0.0048044999,0.0031615670
0.9887648821,0.0016311842,0.0012310994,0.0007160805,0.0006415807,0.0006049217,0.0005830250,0.0005654754,0.0005291590,0.0003528895
0.9863758683,0.0125187049,0.0002854091,0.0002310020,0.0001047600,0.0000746035,0.0000705859,0.0000578308,0.0000272410,0.0000261969
0.8925688863,0.0340139531,0.0159904081,0.0105520133,0.0096608056,0.0047148112,0.0033544509,0.0020406188,0.0019908752,0.0018545907
0.5028977990,0.4815132618,0.0036216150,0.0031612939,0.0014252220,0.0009176888,0.0006556888,0.0004409414,0.0004251299,0.0003637661
0.7286162376,0.2172500193,0.0044167819,0.0042831786,0.0032655792,0.0021693057,0.0020121669,0.0011580966,0.0010976084,0.0010392369
0.8963057399,0.0309479348,0.0106648346,0.0101236012,0.0086113801,0.0042915801,0.0021531067,0.0016360973,0.0013312254,0.0010238383
0.9277797937,0.0344032794,0.0034446600,0.0013129495,0.0012249444,0.0011549559,0.0009571188,0.0008225255,0.0007735883,0.0006688150
0.9861796498,0.0005208049,0.0005169060,0.0004948434,0.0004742794,0.0003935565,0.0003696470,0.0003582713,0.0003084106,0.0002851753
0.6685759425,0.0101968795,0.0088941855,0.0082053859,0.0077408967,0.0066762404,0.0052358848,0.0051697399,0.0051097781,0.0050676116
0.9406328797,0.0040185177,0.0037287443,0.0027530270,0.0016787881,0.0015385591,0.0013531452,0.0012782915,0.0011900333,0.0009909967
0.9976366758,0.0013384788,0.0002388773,0.0002194747,0.0001175425,0.0000878569,0.0000554373,0.0000392848,0.0000372485,0.0000343731
0.9891052842,0.0068237488,0.0001795002,0.0001291160,0.0001074368,0.0000940285,0.0000931165,0.0000913773,0.0000860283,0.0000856027
0.9988846183,0.0003093174,0.0000904503,0.0000667552,0.0000385650,0.0000352151,0.0000343026,0.0000341833,0.0000312259,0.0000285856
0.1249844879,0.0497956350,0.0407756791,0.0373596177,0.0286462680,0.0258774515,0.0202703048,0.0189924948,0.0174946785,0.0132469609
0.9162497520,0.0163573474,0.0055224975,0.0049501033,0.0047735926,0.0043166718,0.0037051586,0.0035498831,0.0033819091,0.0023379601
0.2806401849,0.1476316452,0.0537697263,0.0532328114,0.0364673808,0.0362073742,0.0269855186,0.0224467069,0.0224081650,0.0167878065
0.0672892556,0.0331756994,0.0251480546,0.0230426695,0.0229742080,0.0228268448,0.0222340934,0.0204980038,0.0190581623,0.0143713402
0.1855276674,0.1358604282,0.0675257891,0.0336328819,0.0303334147,0.0259647034,0.0227996353,0.0207595043,0.0135992849,0.0120734768
0.9889011383,0.0015950133,0.0006443422,0.0004629914,0.0003604192,0.0003590189,0.0003581734,0.0003034151,0.0002372519,0.0002101370
0.3888053894,0.3575965762,0.0165384952,0.0142133869,0.0134654436,0.0113147032,0.0098836012,0.0061111725,0.0059297588,0.0057528657
0.9980756044,0.0002852016,0.0002119806,0.0001413230,0.0001342824,0.0000891857,0.0000506324,0.0000463225,0.0000301630,0.0000293446
0.0575315170,0.0510642678,0.0294357892,0.0185631141,0.0177315120,0.0172345806,0.0167073775,0.0147550562,0.0146961836,0.0145093398
0.9732324481,0.0016668139,0.0013939468,0.0010476084,0.0005158231,0.0004965658,0.0004457938,0.0003937712,0.0003933379,0.0003903934
0.9913560152,0.0035223009,0.0008997680,0.0006076302,0.0005852635,0.0004269508,0.0003094870,0.0002149146,0.0001630012,0.0001314299
0.4954106510,0.0363748521,0.0354011096,0.0241805725,0.0108917765,0.0107000684,0.0101263374,0.0088041248,0.0086356578,0.0074697877
0.9861134887,0.0014821348,0.0014479945,0.0008186640,0.0006513999,0.0006011734,0.0004582839,0.0004319906,0.0003343843,0.0002363727
0.7255485058,0.1913835704,0.0109322537,0.0056650722,0.0036941001,0.0029756040,0.0014247989,0.0014171152,0.0014096344,0.0012732259
0.9825137258,0.0011594164,0.0007483442,0.0006660131,0.0005246558,0.0004766338,0.0003828392,0.0003649924,0.0003648393,0.0003518728
0.9608309865,0.0263776463,0.0011462166,0.0008511682,0.0007583237,0.0005505128,0.0004398549,0.0004224452,0.0003917049,0.0003035304
0.1575418860,0.1552871019,0.1049749479,0.0655095279,0.0459181443,0.0387080163,0.0279763583,0.0278329458,0.0254471228,0.0158453844
0.1094013527,0.0843003467,0.0583401546,0.0309548937,0.0309157129,0.0267160293,0.0261424407,0.0241070520,0.0236457195,0.0228203759
0.9984645844,0.0001782109,0.0001156583,0.0000997419,0.0000698564,0.0000689815,0.0000650815,0.0000348098,0.0000295851,0.0000277321
0.8508095741,0.0921183676,0.0135157071,0.0085991882,0.0085074706,0.0051500127,0.0014953484,0.0011076967,0.0010541559,0.0010012961
0.4770536125,0.1529848427,0.0782103017,0.0280897822,0.0236096848,0.0209781509,0.0156613737,0.0094257388,0.0083034113,0.0076576434
0.9988496304,0.0001046148,0.0000690292,0.0000637914,0.0000635505,0.0000522872,0.0000455651,0.0000361913,0.0000346449,0.0000330180
0.9951027632,0.0010057103,0.0003915506,0.0003767528,0.0003666038,0.0003119863,0.0001756284,0.0001293883,0.0001248138,0.0001107341
0.9961981177,0.0006013747,0.0005094624,0.0002326859,0.0001888403,0.0001250984,0.0001237321,0.0001186920,0.0001164399,0.0000860523
0.9787772894,0.0031734847,0.0018421540,0.0017408077,0.0015639167,0.0010595138,0.0008950771,0.0008858481,0.0008703811,0.0007035995
0.9593315721,0.0075902897,0.0074411877,0.0022991085,0.0019569250,0.0017858936,0.0014718828,0.0011573617,0.0011489620,0.0010634342
0.3316330314,0.0734872296,0.0711427629,0.0299547482,0.0211433191,0.0124299312,0.0106941536,0.0098763509,0.0089721959,0.0078585725
0.9408997893,0.0163510945,0.0069642756,0.0019248603,0.0015152744,0.0011121709,0.0011082781,0.0010618011,0.0008959930,0.0008671228
0.8757340908,0.0134464959,0.0102166859,0.0063469703,0.0057671452,0.0057601971,0.0043435618,0.0035393788,0.0034838514,0.0032815044
0.6145889163,0.2562114596,0.0718043894,0.0235127099,0.0031862943,0.0010505802,0.0006859327,0.0006745926,0.0005948460,0.0005945868
0.9930746555,0.0064018057,0.0005202267,0.0000030961,0.0000000553,0.0000000423,0.0000000316,0.0000000267,0.0000000260,0.0000000241
0.2575311959,0.1881877333,0.1232514009,0.1182564721,0.0414157994,0.0228100047,0.0218362082,0.0193601120,0.0180450231,0.0167609192
0.9899864793,0.0021413285,0.0008840397,0.0007559992,0.0006505074,0.0005633915,0.0004037105,0.0002231260,0.0001804663,0.0001756736
0.8124490380,0.1414103359,0.0059765461,0.0052779010,0.0052570263,0.0016655567,0.0015134157,0.0011711600,0.0011083246,0.0010687378
0.8882120848,0.0137443999,0.0129138306,0.0069495076,0.0050264089,0.0042982064,0.0036677746,0.0027362052,0.0024871510,0.0024162233
0.9538180232,0.0157045033,0.0156703759,0.0029052428,0.0019602557,0.0012266464,0.0012025104,0.0008470106,0.0007963874,0.0007285543
0.8852950335,0.1078902036,0.0020859882,0.0017502290,0.0004699729,0.0003362238,0.0002384834,0.0001722609,0.0001281924,0.0001279861
0.5076385736,0.1393703520,0.0420869403,0.0286284685,0.0283018481,0.0188825484,0.0186346397,0.0165334176,0.0111293104,0.0102572404
0.4806500673,0.0492497869,0.0385921374,0.0212262962,0.0191238075,0.0190124996,0.0157894846,0.0150500955,0.0115144653,0.0076768659
0.9968594313,0.0014488436,0.0007417450,0.0001435009,0.0000974912,0.0000884375,0.0000671720,0.0000556558,0.0000516359,0.0000489007
0.6469820142,0.0872041583,0.0426296480,0.0271767117,0.0247123204,0.0227150060,0.0186469909,0.0177113619,0.0162060540,0.0133197708
0.9261759520,0.0386563390,0.0042584939,0.0027249628,0.0023166060,0.0015542844,0.0015039735,0.0013800776,0.0010887223,0.0008377174
0.9125721455,0.0355547480,0.0253135208,0.0076486114,0.0032064889,0.0020118598,0.0008369917,0.0006999620,0.0006990000,0.0006989833
0.9894064069,0.0029784611,0.0016695405,0.0011974758,0.0008360159,0.0003466748,0.0002973482,0.0002140761,0.0002034704,0.0001916213
0.5144224763,0.2228797823,0.0851503089,0.0195473805,0.0157692134,0.0126703875,0.0103792986,0.0095596332,0.0093724448,0.0086967442
0.9515143037,0.0078663938,0.0046981210,0.0034421259,0.0029191498,0.0028723364,0.0028014861,0.0024543107,0.0018903505,0.0017312273
0.8635854125,0.1002078950,0.0166479014,0.0007587136,0.0006330369,0.0004694122,0.0004621220,0.0004403290,0.0004396291,0.0003242744
0.2303143591,0.1406141818,0.1112612709,0.1089510322,0.0449844934,0.0357718579,0.0305890068,0.0190627556,0.0188371092,0.0183898024
0.3566398025,0.3311822116,0.2959412336,0.0014603450,0.0014145268,0.0012217463,0.0011911518,0.0011528024,0.0010339608,0.0004428017
0.1355675608,0.0815903544,0.0499778874,0.0416335054,0.0397596769,0.0361692309,0.0323176719,0.0303203501,0.0299973860,0.0230444726
0.9873305559,0.0015066116,0.0006175955,0.0004998909,0.0004972937,0.0004538676,0.0004237719,0.0002800852,0.0002687162,0.0002673922
0.1022446677,0.0850210115,0.0661886707,0.0647377893,0.0605381131,0.0590400659,0.0338565186,0.0303309374,0.0274197813,0.0251292642
0.3557620943,0.0623112731,0.0480715968,0.0470142104,0.0350391679,0.0262444466,0.0254335944,0.0171856806,0.0170710739,0.0161916520
0.1808118224,0.1476708651,0.0443941839,0.0379492231,0.0352469943,0.0315522328,0.0241729114,0.0148615120,0.0145779848,0.0141983423
0.7374098301,0.2144826800,0.0171316769,0.0167150106,0.0040545105,0.0024411902,0.0023753049,0.0020957813,0.0006948215,0.0002096122
0.8269628882,0.0827803612,0.0316442139,0.0185828842,0.0061253556,0.0051035234,0.0046968982,0.0043430636,0.0027283060,0.0023635807
0.9998930693,0.0000410388,0.0000145505,0.0000117234,0.0000094197,0.0000046152,0.0000040906,0.0000032758,0.0000025571,0.0000019866
0.8336259723,0.0540811792,0.0060087526,0.0044807941,0.0039352393,0.0028379103,0.0028124880,0.0026968992,0.0024189088,0.0023840920
0.9187588096,0.0536053665,0.0050324528,0.0019664338,0.0013299393,0.0012391881,0.0011802852,0.0008909141,0.0008885841,0.0007358504
0.2474631220,0.1066137403,0.0221558325,0.0171524864,0.0143054258,0.0108841676,0.0107127829,0.0100184297,0.0094916010,0.0089216810
0.7385975718,0.0374967791,0.0329185091,0.0246802755,0.0193381496,0.0158784967,0.0135412905,0.0109168161,0.0094354032,0.0051500201
0.8434369564,0.0566658415,0.0437187850,0.0125759607,0.0106004486,0.0102527551,0.0101727145,0.0041187331,0.0015676124,0.0008373766
0.4042363167,0.1132317558,0.0605625436,0.0375923775,0.0277560186,0.0190513451,0.0159150939,0.0154599883,0.0153695513,0.0122654820
0.8845390081,0.0746985301,0.0104666017,0.0094396500,0.0026610726,0.0021850872,0.0020913638,0.0016660477,0.0014269522,0.0007019553
0.9999988079,0.0000012320,0.0000000002,0.0000000001,0.0000000001,0.0000000001,0.0000000000,0.0000000000,0.0000000000,0.0000000000
0.2030342370,0.1542400867,0.0243305657,0.0195178762,0.0136532290,0.0124711925,0.0109548969,0.0109383967,0.0103832986,0.0101347398
0.2153538465,0.1208602935,0.1094457880,0.0560667366,0.0443470031,0.0427097976,0.0330392756,0.0260757767,0.0165914726,0.0105258245
0.4075872302,0.1813759953,0.1602824926,0.0447356515,0.0208406094,0.0205494445,0.0139272502,0.0128436182,0.0112877330,0.0059008934
0.5300875306,0.2983460724,0.0114580942,0.0049303705,0.0048745894,0.0046894005,0.0043295193,0.0043031476,0.0031362751,0.0027968786
0.4963197112,0.0415197723,0.0179965980,0.0170722846,0.0166878738,0.0146049978,0.0135478154,0.0110772252,0.0101625854,0.0079572238
0.9934698343,0.0026652087,0.0012901461,0.0003198011,0.0002570909,0.0002123211,0.0001689675,0.0001680547,0.0001604069,0.0001443861
0.9833464622,0.0027682756,0.0019799811,0.0008136650,0.0007550966,0.0007080094,0.0007039026,0.0006731260,0.0005537158,0.0005385013
0.3171627223,0.0394401550,0.0336079225,0.0312447548,0.0251887720,0.0172154363,0.0153565342,0.0152483741,0.0094808647,0.0082802949
0.9724923372,0.0025043380,0.0013402672,0.0012744205,0.0011972067,0.0007215837,0.0006126908,0.0005478855,0.0004976959,0.0004105749
0.9990851879,0.0006734246,0.0001364561,0.0000741230,0.0000069505,0.0000060194,0.0000056257,0.0000034732,0.0000006535,0.0000006230
0.7950795889,0.1924109161,0.0026351095,0.0011773267,0.0010006948,0.0006034032,0.0005168741,0.0005056781,0.0005012465,0.0004823525
0.6504864097,0.2651393712,0.0556793585,0.0203607697,0.0021434240,0.0005675058,0.0005579417,0.0005308014,0.0005138795,0.0003606305
0.6257930398,0.3312809169,0.0085956901,0.0079084560,0.0041200975,0.0022954049,0.0018657472,0.0014639683,0.0012302505,0.0008274033
0.2632554173,0.2533311248,0.1616554409,0.0655390769,0.0432630330,0.0335782543,0.0227656011,0.0190916657,0.0176612493,0.0108003486
0.9880270958,0.0031226755,0.0017945669,0.0016094694,0.0014757074,0.0013222857,0.0002974852,0.0002444518,0.0001520177,0.0001028297
0.4951953888,0.3791508675,0.0608865209,0.0311064273,0.0047818436,0.0024608460,0.0024263731,0.0021095022,0.0014578259,0.0012757562
0.7682504654,0.2157925516,0.0067099179,0.0028624176,0.0013806928,0.0009923649,0.0004424413,0.0004305323,0.0003736390,0.0002821381
0.1323037297,0.0665363371,0.0560318306,0.0306034852,0.0273896549,0.0206503216,0.0196395554,0.0174429957,0.0168310273,0.0156027460
0.9727986455,0.0021151002,0.0008745744,0.0008212843,0.0008128649,0.0007696300,0.0006344091,0.0004820595,0.0004654992,0.0004542294
0.1065384150,0.0396094620,0.0272308569,0.0224362109,0.0218673516,0.0190886576,0.0172393527,0.0158705451,0.0140641835,0.0115992837
0.9984828830,0.0008203514,0.0003117720,0.0000851549,0.0000758258,0.0000518619,0.0000383204,0.0000138307,0.0000130807,0.0000114093
0.8124226332,0.0193307400,0.0152969491,0.0078543490,0.0073593566,0.0066243345,0.0064377715,0.0061095981,0.0057253265,0.0053578615
0.9603582025,0.0120656770,0.0092363171,0.0037715631,0.0019585616,0.0017960641,0.0016105066,0.0015403540,0.0012656006,0.0009000894
0.9994167089,0.0002955500,0.0001322074,0.0000337831,0.0000220930,0.0000188442,0.0000130767,0.0000078214,0.0000065499,0.0000054610
0.9923489094,0.0007248090,0.0003630951,0.0003339588,0.0002966819,0.0002042013,0.0001641520,0.0001634535,0.0001505970,0.0001210972
0.9972323775,0.0017275210,0.0002619331,0.0001407873,0.0001156286,0.0000281028,0.0000238616,0.0000225923,0.0000184821,0.0000168364
0.3329317868,0.1574145406,0.0533539876,0.0325050578,0.0289092734,0.0281312671,0.0280334596,0.0188158210,0.0162663218,0.0139201917
0.9999006987,0.0000349094,0.0000108966,0.0000070309,0.0000060416,0.0000058307,0.0000047698,0.0000040657,0.0000024588,0.0000024413
0.8287820816,0.0565729477,0.0155078992,0.0078080785,0.0029146192,0.0018183133,0.0017618513,0.0017133199,0.0016753461,0.0014092518
0.9727000594,0.0104021924,0.0031478789,0.0029232472,0.0027093126,0.0013967616,0.0010896949,0.0010745128,0.0009259258,0.0008702317
0.4383800924,0.3892687261,0.0724750534,0.0303597488,0.0115769589,0.0082098106,0.0071292026,0.0060031959,0.0051001646,0.0043329592
0.7000017166,0.2878014445,0.0030421752,0.0014444428,0.0010645769,0.0010470093,0.0007866988,0.0002867400,0.0002166479,0.0001815434
0.9963682890,0.0027652874,0.0001550732,0.0000920763,0.0000629158,0.0000606586,0.0000290063,0.0000231522,0.0000230010,0.0000217335
0.3759254515,0.0323594995,0.0224180091,0.0186873954,0.0162186269,0.0159187708,0.0149951586,0.0149108516,0.0145123098,0.0135724461
0.9725943804,0.0116699310,0.0067575807,0.0030291714,0.0006668761,0.0002190669,0.0002048357,0.0001940372,0.0001326886,0.0001114397
0.5939372182,0.3250815570,0.0079064351,0.0051314677,0.0040043225,0.0036669972,0.0030609062,0.0024782158,0.0023345225,0.0022763691
0.2744851708,0.1146460474,0.0928694010,0.0918090641,0.0608297214,0.0480798110,0.0203216299,0.0201130714,0.0165603645,0.0162563119
0.0310591813,0.0293146279,0.0222869143,0.0201806352,0.0172549915,0.0166274887,0.0139033450,0.0136875585,0.0131304441,0.0131190913
0.9892771244,0.0008861579,0.0008324357,0.0007352366,0.0005278346,0.0005062260,0.0004203571,0.0003477931,0.0003185942,0.0003047606
0.9409181476,0.0299815275,0.0030740984,0.0026113605,0.0025691227,0.0019926103,0.0016441772,0.0009201843,0.0008016596,0.0007074439
0.5286306143,0.2842847407,0.1555753499,0.0192018580,0.0022318722,0.0021372156,0.0019888314,0.0009823951,0.0005482018,0.0003951706
0.4976913631,0.2146668583,0.0701684281,0.0288065691,0.0120728519,0.0067628077,0.0059587359,0.0045353463,0.0044737663,0.0033610798
0.5024980903,0.4485408664,0.0337537453,0.0022920980,0.0020922681,0.0019767622,0.0014172324,0.0010905479,0.0004806698,0.0004056236
0.5845468044,0.3931578994,0.0035007661,0.0032705935,0.0028558336,0.0012548644,0.0005691635,0.0004298620,0.0003274365,0.0002842983
0.9957070947,0.0002906020,0.0002320835,0.0001912223,0.0001677152,0.0001644363,0.0001290313,0.0001218160,0.0001195778,0.0001114530
0.8325291872,0.0078553986,0.0053157485,0.0049106427,0.0047574486,0.0044774110,0.0042881458,0.0029939893,0.0028736568,0.0027565516
0.9914062023,0.0062576295,0.0003457316,0.0002264174,0.0001844642,0.0001622191,0.0000628754,0.0000614574,0.0000515576,0.0000491127
0.9975824356,0.0015176779,0.0002862050,0.0001460088,0.0001367950,0.0000464023,0.0000389631,0.0000299393,0.0000227826,0.0000176819
0.9138965607,0.0377988704,0.0064537353,0.0036363835,0.0019060312,0.0018692489,0.0012160281,0.0011867961,0.0008167258,0.0007152503
0.6222481132,0.1480954289,0.1018453762,0.0188854989,0.0184488241,0.0101714283,0.0096177440,0.0069362991,0.0061459760,0.0046355068
0.9970833659,0.0009873263,0.0004343724,0.0002384660,0.0000761370,0.0000662268,0.0000557593,0.0000549696,0.0000391721,0.0000387234
0.4611263275,0.1316568255,0.1031899303,0.0700179636,0.0445849746,0.0294428021,0.0270831380,0.0245747287,0.0225583930,0.0127753923
0.9493242502,0.0345544107,0.0040271855,0.0020708162,0.0012167920,0.0007476219,0.0007326570,0.0006749243,0.0006668945,0.0005379355
0.8687391877,0.0054364591,0.0051545682,0.0048571755,0.0040873773,0.0036660212,0.0028840371,0.0028315135,0.0023703312,0.0022724702
0.9957336783,0.0004059635,0.0003369474,0.0003168366,0.0002703279,0.0002441860,0.0002090044,0.0001212690,0.0001204672,0.0000810307
0.9166648388,0.0088261543,0.0084988996,0.0055534197,0.0049974080,0.0042633023,0.0038996539,0.0037140630,0.0030392061,0.0028984023
0.9199693203,0.0783757493,0.0002878941,0.0000893767,0.0000877510,0.0000860086,0.0000734028,0.0000492777,0.0000414210,0.0000395631
0.3262337446,0.1069422737,0.0344433337,0.0318742320,0.0233448986,0.0207035486,0.0203807633,0.0167261604,0.0160574652,0.0135482671
0.3184266090,0.1206408143,0.0852160603,0.0818346515,0.0603586435,0.0412131436,0.0379216038,0.0342382304,0.0304563511,0.0277619399
0.8918965459,0.0185471233,0.0175370015,0.0109441821,0.0080759609,0.0065833977,0.0049886592,0.0025582009,0.0023035153,0.0019571581
0.4992601573,0.0398558080,0.0275235809,0.0245626122,0.0166987758,0.0163261276,0.0149193397,0.0125448462,0.0112061603,0.0111745112
0.8489466906,0.0313117951,0.0137055395,0.0088077439,0.0078838710,0.0042180959,0.0024332867,0.0019193314,0.0018276402,0.0018200923
0.7274623513,0.2621325850,0.0024463565,0.0012956236,0.0007441637,0.0005322997,0.0005167547,0.0003206505,0.0002596514,0.0002277431
0.9672873616,0.0046770182,0.0038954050,0.0023281495,0.0022826446,0.0014996856,0.0012928380,0.0012140968,0.0011589102,0.0010386928
0.9963113666,0.0009939050,0.0002760817,0.0002754663,0.0002733820,0.0002601703,0.0002358243,0.0002119002,0.0001641468,0.0001231731
0.9475817084,0.0101704309,0.0078419475,0.0028132806,0.0022318789,0.0020149949,0.0016509364,0.0015208399,0.0014904814,0.0014884488
0.9447396398,0.0168586615,0.0052616089,0.0048883888,0.0031418228,0.0026643716,0.0026004682,0.0016401855,0.0014413851,0.0010718516
0.8138289452,0.1305001825,0.0180175528,0.0043769251,0.0038360192,0.0029334549,0.0012916432,0.0010850111,0.0009397521,0.0009312454
0.9140400290,0.0059292582,0.0050262348,0.0040881517,0.0027722004,0.0017153007,0.0013148701,0.0012204786,0.0011800546,0.0011491376
0.9874505997,0.0011360820,0.0009585820,0.0006563492,0.0004481226,0.0003087904,0.0003078013,0.0003059395,0.0002997881,0.0002891553
0.3588312864,0.2228408158,0.0141319912,0.0126277534,0.0111295786,0.0088897478,0.0079374164,0.0069875382,0.0061631440,0.0058915475
0.6377524734,0.2107340842,0.0193495657,0.0154689681,0.0130398991,0.0070700357,0.0063912421,0.0056782849,0.0051686675,0.0041298345
0.4962885678,0.3760873675,0.0784633234,0.0225129426,0.0053748349,0.0050078621,0.0042704316,0.0020137802,0.0013237889,0.0010681833
0.6031252742,0.0450683981,0.0210705921,0.0136151770,0.0133882277,0.0116879307,0.0114222663,0.0069663180,0.0068679671,0.0067666238
0.9584630728,0.0052954126,0.0019034827,0.0016917887,0.0007214718,0.0006078036,0.0005929141,0.0005529778,0.0005086499,0.0005027311
0.9972082973,0.0006078781,0.0004111654,0.0002439476,0.0002084739,0.0001726419,0.0001438684,0.0000442812,0.0000397890,0.0000334692
0.0551675037,0.0230878629,0.0230553970,0.0174332336,0.0164152309,0.0144988894,0.0136241969,0.0112673463,0.0111613022,0.0099045979
0.9980480671,0.0004743477,0.0004062495,0.0002812305,0.0001839408,0.0000656136,0.0000580942,0.0000520661,0.0000461992,0.0000354406
0.0717872530,0.0352833383,0.0317126475,0.0300666653,0.0276467353,0.0259565245,0.0248465650,0.0231202617,0.0202637948,0.0197515022
0.9812096953,0.0179356281,0.0005020754,0.0002248128,0.0000506858,0.0000098313,0.0000097664,0.0000082453,0.0000049405,0.0000048652
0.1476411372,0.0664823130,0.0493524298,0.0357029960,0.0347317234,0.0317425802,0.0308623519,0.0290596802,0.0283872169,0.0270871930
0.3398172557,0.1704398990,0.1139480174,0.0597901046,0.0544139706,0.0265344791,0.0189670827,0.0175102763,0.0149483234,0.0131396167
0.8426465392,0.0587636009,0.0157239381,0.0083771795,0.0081256228,0.0080276327,0.0062481239,0.0054129139,0.0049694581,0.0043459116
0.2435775101,0.1266841739,0.0539685749,0.0428619161,0.0349920169,0.0272050966,0.0254149046,0.0173519831,0.0152628738,0.0151866768
0.0850977153,0.0414930582,0.0229943376,0.0197155923,0.0164975412,0.0158122312,0.0142405070,0.0141785499,0.0132360710,0.0119830994
0.4607906938,0.3455641866,0.0064227134,0.0056561613,0.0053780829,0.0043899463,0.0041099363,0.0038677016,0.0033253091,0.0032651869
0.7496031523,0.0806679726,0.0553657264,0.0486448184,0.0213993210,0.0142449103,0.0060740323,0.0033941534,0.0033879636,0.0023462502
0.9988678694,0.0001182019,0.0000619814,0.0000435778,0.0000392866,0.0000388949,0.0000328166,0.0000325671,0.0000276057,0.0000262885
0.9470696449,0.0184188224,0.0140638156,0.0079144891,0.0030352257,0.0009395027,0.0004344571,0.0003703164,0.0002829046,0.0002825788
0.4892162085,0.0876729116,0.0553515665,0.0276549291,0.0185525864,0.0154235261,0.0140667958,0.0086795771,0.0073522287,0.0059831021
0.9783853889,0.0061209272,0.0043870965,0.0024724272,0.0019734330,0.0013897102,0.0010661721,0.0004796402,0.0004743616,0.0004612484
0.9988957644,0.0005617602,0.0001267799,0.0000949380,0.0000315967,0.0000311281,0.0000203739,0.0000122232,0.0000098359,0.0000094393
0.8494901061,0.0324043967,0.0287382361,0.0139167169,0.0096643865,0.0070168572,0.0057851681,0.0050753197,0.0037118234,0.0028573649
0.2985811830,0.2453804910,0.2151686996,0.1580399275,0.0140845738,0.0089060003,0.0077910987,0.0035132710,0.0031084295,0.0027582527
0.9684577584,0.0028956141,0.0018056189,0.0016610632,0.0016415437,0.0013935361,0.0013300474,0.0011708570,0.0011119673,0.0010781493
0.9753393531,0.0029134974,0.0018917969,0.0008978779,0.0008845585,0.0006802812,0.0005149057,0.0004768344,0.0004382592,0.0004313395
0.9892455339,0.0013311759,0.0009353718,0.0008126915,0.0005923591,0.0004013764,0.0003574627,0.0003200005,0.0003068659,0.0002728804
0.4199117720,0.2858927250,0.0273315962,0.0188892111,0.0188644398,0.0165140796,0.0150858816,0.0145676360,0.0141544035,0.0140548442
0.9996744394,0.0001743845,0.0000272577,0.0000228146,0.0000141636,0.0000110508,0.0000082547,0.0000069591,0.0000062246,0.0000058324
0.9395568967,0.0260106660,0.0183188096,0.0007150004,0.0005171950,0.0004397156,0.0004232230,0.0004195119,0.0004171211,0.0004064180
0.9946734309,0.0004158150,0.0001756405,0.0001585647,0.0001495092,0.0001424211,0.0001206824,0.0001145142,0.0001086760,0.0000927096
0.5070766807,0.4302240312,0.0248938650,0.0034893570,0.0031551926,0.0025699846,0.0023878459,0.0008692773,0.0007939400,0.0007366079
0.9962544441,0.0009498211,0.0005886222,0.0003257894,0.0002932234,0.0001579377,0.0001423885,0.0001385597,0.0001251849,0.0001242970
0.9136167765,0.0641068295,0.0077829161,0.0034560701,0.0015864033,0.0010235403,0.0007010433,0.0005487621,0.0005407548,0.0005070764
0.9965152740,0.0006782594,0.0003527294,0.0002979375,0.0002592525,0.0002194707,0.0001729349,0.0001183068,0.0001019594,0.0000857851
0.3801369369,0.2336518914,0.2081997246,0.0878846720,0.0346191078,0.0131126279,0.0114216255,0.0025271843,0.0014870145,0.0013830683
0.8825615644,0.0199172255,0.0173925702,0.0059694950,0.0046417378,0.0038334602,0.0037653889,0.0036364598,0.0034778870,0.0027261486
0.0294775236,0.0268019009,0.0235347599,0.0224748515,0.0213663522,0.0188459009,0.0166763831,0.0164000709,0.0139930258,0.0130006634
0.9753259420,0.0097748348,0.0086660795,0.0006028677,0.0004560540,0.0004133823,0.0002227770,0.0001903541,0.0001577335,0.0001555000
0.9589495659,0.0167049281,0.0020789390,0.0020727369,0.0019195137,0.0010204368,0.0008320092,0.0004986813,0.0004891703,0.0004867683
0.8928476572,0.0303788409,0.0205028839,0.0103029953,0.0025693690,0.0023586873,0.0021427840,0.0012921200,0.0011767293,0.0011571926
0.1568666101,0.0827539638,0.0563392229,0.0191993918,0.0173425414,0.0164350830,0.0159203541,0.0148182940,0.0143721737,0.0133664962
0.6923581958,0.0348464586,0.0176507980,0.0120454226,0.0099580847,0.0092776138,0.0078735761,0.0068604122,0.0068443194,0.0050168824
0.9980707765,0.0005924835,0.0002148622,0.0001486012,0.0001397017,0.0000794363,0.0000491860,0.0000476481,0.0000418722,0.0000392338
0.5731459856,0.0146627584,0.0112950923,0.0110742804,0.0108057279,0.0106090466,0.0105112493,0.0074056592,0.0062719579,0.0061030732
0.9881288409,0.0012392097,0.0010105235,0.0009634551,0.0008272609,0.0004711963,0.0004586502,0.0004021629,0.0002911532,0.0002545572
0.4497057199,0.4419009686,0.0690761730,0.0074389912,0.0019024692,0.0012688028,0.0012127975,0.0010509720,0.0006970312,0.0006878272
0.3942504823,0.2607882619,0.0929900259,0.0178997237,0.0122984527,0.0103607802,0.0075838827,0.0068140184,0.0062998943,0.0053649261
0.9988985062,0.0008273324,0.0000922187,0.0000303866,0.0000251434,0.0000103514,0.0000068801,0.0000066048,0.0000059193,0.0000049398
0.8297505379,0.0594688505,0.0069380370,0.0056655561,0.0054415017,0.0040896256,0.0038521166,0.0034061139,0.0029079523,0.0027674062
0.9999960661,0.0000038598,0.0000000680,0.0000000284,0.0000000159,0.0000000157,0.0000000126,0.0000000091,0.0000000083,0.0000000055
0.8998685479,0.0056055486,0.0025725702,0.0021712978,0.0021107430,0.0019531097,0.0019007481,0.0018021071,0.0017427537,0.0017394061
0.7284487486,0.2485636622,0.0005640865,0.0005447764,0.0004383248,0.0004329199,0.0004136095,0.0003974375,0.0003635192,0.0003473276
0.4006059170,0.1505545825,0.0384123847,0.0314511284,0.0214423873,0.0200210530,0.0139928237,0.0106128296,0.0090612480,0.0087484475
0.2627503872,0.1901640147,0.1217223778,0.0916775391,0.0418268703,0.0288728867,0.0275831409,0.0249743685,0.0128361629,0.0101527786
0.9981033802,0.0011565493,0.0002282144,0.0001368292,0.0001082559,0.0000911828,0.0000222657,0.0000185047,0.0000150089,0.0000094647
0.4422168136,0.2622960508,0.2462915629,0.0023065163,0.0017685754,0.0014636145,0.0013849183,0.0013281277,0.0012721234,0.0011755965
0.5719741583,0.3215664625,0.0507874824,0.0237179566,0.0081774928,0.0051864376,0.0037096350,0.0026281781,0.0015723755,0.0014162917
0.3703633547,0.3528216183,0.0304948073,0.0189795103,0.0180477537,0.0174467005,0.0139060467,0.0123440791,0.0121350056,0.0106083816
0.9981226325,0.0006327652,0.0001038007,0.0000758409,0.0000715919,0.0000513268,0.0000466746,0.0000422590,0.0000413494,0.0000403806
0.5175700188,0.2188906074,0.0777766481,0.0270534027,0.0224499255,0.0176210832,0.0130524114,0.0108035877,0.0106977811,0.0095788464
0.4027460814,0.1588983983,0.0921745077,0.0482820086,0.0286004972,0.0163037665,0.0148953460,0.0122279357,0.0121199070,0.0100649130
0.3923559189,0.1537022740,0.0530893207,0.0385742150,0.0171753354,0.0164357368,0.0130601088,0.0088760471,0.0083655380,0.0082099289
0.9969292283,0.0008558084,0.0001546181,0.0001403282,0.0001180581,0.0001096041,0.0001080771,0.0000826072,0.0000698118,0.0000669589
0.9654284716,0.0031818238,0.0031134898,0.0030323358,0.0027916301,0.0014687070,0.0014172992,0.0010055065,0.0008464032,0.0007799499
0.9148176312,0.0294988398,0.0066415286,0.0055339946,0.0040740571,0.0033577478,0.0032789242,0.0029613911,0.0028355946,0.0026767261
0.8898990154,0.0589795224,0.0060686129,0.0034369407,0.0029527608,0.0015326131,0.0013008681,0.0012541828,0.0010680880,0.0009393946
0.8776190877,0.0823937058,0.0156026818,0.0032142482,0.0027473578,0.0019845290,0.0018531318,0.0018409390,0.0015273920,0.0014842243
0.9634248018,0.0059020207,0.0052929451,0.0050912532,0.0009896734,0.0009455030,0.0009336501,0.0008392420,0.0008244551,0.0006567783
0.9968004227,0.0003574082,0.0002784585,0.0001962578,0.0001114255,0.0000945604,0.0000841607,0.0000820775,0.0000723713,0.0000608158
0.5548458099,0.2934771478,0.1195032224,0.0067877411,0.0038688849,0.0027420064,0.0020058344,0.0019387114,0.0017748029,0.0015478352
0.4082277715,0.3047023118,0.1453281343,0.1361445189,0.0021304353,0.0018943320,0.0011516184,0.0001097934,0.0000949935,0.0000331980
0.9968415499,0.0006113876,0.0005844214,0.0003559288,0.0001867855,0.0001408219,0.0001144372,0.0000826696,0.0000628186,0.0000509899
0.3517079055,0.1475533396,0.0829322115,0.0743825808,0.0394653156,0.0235234797,0.0230749063,0.0145619418,0.0107037378,0.0066385227
0.9981732368,0.0003121751,0.0002435638,0.0001163262,0.0001157024,0.0001046116,0.0000610940,0.0000535488,0.0000509610,0.0000508624
0.1548887044,0.0807894245,0.0746465698,0.0733554661,0.0635751709,0.0576794818,0.0527229123,0.0449967571,0.0426036157,0.0376595333
0.0436362550,0.0296864212,0.0271254685,0.0267666709,0.0228465199,0.0226340145,0.0212803483,0.0211152062,0.0183619335,0.0177265983
0.9943152070,0.0006172863,0.0001687365,0.0001489814,0.0001211344,0.0000973590,0.0000919408,0.0000852282,0.0000840394,0.0000838085
0.1983154118,0.1829666197,0.1513762772,0.0578666180,0.0351205468,0.0283280890,0.0214556213,0.0163991693,0.0131169958,0.0130903525
0.0687135458,0.0424600244,0.0314135775,0.0222871397,0.0162690729,0.0129397549,0.0125131523,0.0116500231,0.0109043447,0.0108009093
0.9693589211,0.0132249100,0.0038597095,0.0035914814,0.0016805154,0.0009265441,0.0008822380,0.0008623929,0.0006306960,0.0005004407
0.9915066361,0.0025732308,0.0020156649,0.0011239405,0.0003768026,0.0002835805,0.0002723165,0.0002522535,0.0001905944,0.0001817458
0.0462992899,0.0340763554,0.0229376853,0.0198245216,0.0191825572,0.0190352555,0.0148040708,0.0131594641,0.0124676907,0.0121494038
0.2612861097,0.0441164486,0.0394949391,0.0332331508,0.0240723081,0.0197429601,0.0193237159,0.0159448031,0.0152119165,0.0149136316
0.8919550776,0.1061880216,0.0002946157,0.0001492541,0.0001205703,0.0000876987,0.0000775367,0.0000658007,0.0000329473,0.0000271654
0.6532659531,0.2609593570,0.0216823015,0.0114611527,0.0093711764,0.0076448563,0.0053117187,0.0041450318,0.0027386278,0.0020100938
0.8046042323,0.0289491937,0.0284729917,0.0187972598,0.0170699283,0.0127671435,0.0119663049,0.0108749522,0.0101910541,0.0082610222
0.9969696403,0.0015456254,0.0002634067,0.0001285544,0.0000778464,0.0000730401,0.0000631848,0.0000576517,0.0000383228,0.0000328219
0.9522342086,0.0226217844,0.0056417841,0.0023382707,0.0020032416,0.0019765026,0.0018816064,0.0012047910,0.0006611631,0.0004939200
0.9679664373,0.0012916184,0.0009893903,0.0009866219,0.0007742427,0.0007436144,0.0006778526,0.0005840065,0.0004715548,0.0004679266
0.9763883352,0.0226439964,0.0001570548,0.0001465708,0.0000615438,0.0000597522,0.0000414292,0.0000339452,0.0000266409,0.0000236148
0.1053451374,0.0951699466,0.0710345060,0.0689527169,0.0655771494,0.0490510464,0.0454715081,0.0337517001,0.0237565171,0.0181950293
0.9965665340,0.0003668550,0.0003082701,0.0002834420,0.0002720646,0.0001812026,0.0001769089,0.0001506929,0.0001203819,0.0000970138
0.1309783161,0.1273175925,0.0957317874,0.0495468229,0.0343302116,0.0317197628,0.0277629420,0.0164771043,0.0159758367,0.0138125708
0.8085614443,0.0092574228,0.0071857586,0.0070123491,0.0060926904,0.0043592374,0.0039847950,0.0035345620,0.0028764494,0.0024942011
0.8872385621,0.0066057295,0.0061393538,0.0050137322,0.0041724634,0.0030407833,0.0029031383,0.0026589171,0.0026492709,0.0024817111
0.3792209029,0.1843028516,0.1650486439,0.1183107123,0.0648467317,0.0307397638,0.0125543391,0.0088044358,0.0049397741,0.0048778863
0.9609032869,0.0015629698,0.0014902722,0.0014182781,0.0012863557,0.0009584738,0.0009297646,0.0008831815,0.0008094862,0.0007540044
0.0219433066,0.0218730625,0.0207494721,0.0183715876,0.0175077356,0.0169467498,0.0152956638,0.0145941209,0.0137252603,0.0134231094
0.9983312488,0.0007293746,0.0006297167,0.0000790140,0.0000365331,0.0000249897,0.0000192221,0.0000129630,0.0000121844,0.0000095780
0.9988608360,0.0008072078,0.0000526559,0.0000426398,0.0000276448,0.0000205672,0.0000170633,0.0000146649,0.0000129011,0.0000072993
0.9994163513,0.0002345800,0.0001179952,0.0001026138,0.0000235044,0.0000146691,0.0000112032,0.0000094730,0.0000068157,0.0000058373
0.9796033502,0.0053893421,0.0018056994,0.0011656793,0.0011649592,0.0010573234,0.0008333451,0.0005624280,0.0003183482,0.0002748639
0.9942336679,0.0004368879,0.0004015092,0.0002111483,0.0001495489,0.0001470536,0.0001426346,0.0001222592,0.0001028248,0.0000966569
0.9874589443,0.0008274841,0.0007476331,0.0006953717,0.0006878434,0.0004553970,0.0003728664,0.0003359907,0.0003226622,0.0002911151
0.4465328455,0.1675025225,0.0979241580,0.0662318245,0.0469144508,0.0297489725,0.0156554375,0.0113372691,0.0088226134,0.0058331634
0.8584640622,0.0485803708,0.0091387639,0.0089652007,0.0055461316,0.0054370887,0.0047344347,0.0031462535,0.0028835982,0.0024445115
0.9361974597,0.0070903786,0.0057472559,0.0030999833,0.0027733690,0.0026741589,0.0024968798,0.0019994371,0.0018511552,0.0017738638
0.5060279369,0.1029108688,0.0664971173,0.0407992154,0.0337360799,0.0142297018,0.0091976952,0.0086003086,0.0081468644,0.0080220290
0.9046580195,0.0322603434,0.0044593951,0.0040140622,0.0037503093,0.0032320193,0.0029676077,0.0027492433,0.0022310091,0.0019069096
0.9474561214,0.0351565704,0.0014146225,0.0012187088,0.0011328058,0.0011077870,0.0007586001,0.0007444037,0.0007164078,0.0005191900
0.3459293842,0.1929320544,0.1096886173,0.0919202417,0.0379760489,0.0363938846,0.0148065574,0.0147200897,0.0061996290,0.0052670520
0.9739679694,0.0018856460,0.0014814351,0.0009971871,0.0009414183,0.0008269723,0.0005849274,0.0005342967,0.0004794351,0.0004376939
0.1397039145,0.0505268835,0.0453931913,0.0328924246,0.0211655609,0.0193294268,0.0184610188,0.0156679172,0.0147614237,0.0146484692
0.9251955152,0.0267581716,0.0128509365,0.0076660737,0.0053804605,0.0042098337,0.0035406600,0.0016958747,0.0014275754,0.0012658369
0.9737631083,0.0192968082,0.0022135833,0.0014346729,0.0008138209,0.0007168041,0.0002758213,0.0002448493,0.0002326407,0.0001007254
0.9993088245,0.0002334232,0.0001015642,0.0000618040,0.0000358837,0.0000237546,0.0000187951,0.0000135386,0.0000109811,0.0000100933
0.1377669871,0.0336188078,0.0300247185,0.0257141329,0.0166831817,0.0162325464,0.0155647974,0.0146585107,0.0134239336,0.0130466670
0.1854247451,0.0948692560,0.0498865508,0.0428619199,0.0354458131,0.0330724828,0.0253923386,0.0196747817,0.0191092845,0.0137120448
0.0574206598,0.0388624147,0.0277068131,0.0265872646,0.0237727091,0.0234837048,0.0193865169,0.0158267263,0.0125901084,0.0119127817
0.3866427541,0.3690219223,0.1362425983,0.0207328610,0.0095214797,0.0084139341,0.0061908183,0.0054981373,0.0026124481,0.0025385211
0.7606160045,0.0156397540,0.0113784680,0.0109627759,0.0098225093,0.0097731641,0.0088807391,0.0073242309,0.0070714685,0.0068170452
0.1118755043,0.0666643828,0.0254778806,0.0213340223,0.0203871839,0.0192605108,0.0165289603,0.0113179153,0.0101240063,0.0087175015
0.8554992080,0.0187404659,0.0066356272,0.0057992614,0.0055418536,0.0053818338,0.0036234308,0.0035255202,0.0028097844,0.0026697177
0.6513890028,0.1924503595,0.0643490404,0.0215058140,0.0137502849,0.0135080386,0.0065153376,0.0055856328,0.0041824328,0.0029395786
0.9233519435,0.0046268110,0.0042215409,0.0034967011,0.0021487521,0.0016945135,0.0016564160,0.0014255128,0.0014231175,0.0012145261
0.9991136193,0.0006681659,0.0000497839,0.0000430164,0.0000399361,0.0000177629,0.0000174382,0.0000171676,0.0000104152,0.0000053521
0.8339144588,0.0601002164,0.0046472945,0.0030725868,0.0030230705,0.0029216991,0.0023026045,0.0021280376,0.0020535393,0.0019774353
0.4464124739,0.0628050789,0.0189806279,0.0164156370,0.0161352791,0.0145331249,0.0141476942,0.0140300812,0.0132160708,0.0119521543
0.6322612166,0.0841810703,0.0595197044,0.0581910834,0.0288008507,0.0164554268,0.0119643752,0.0113804853,0.0113120545,0.0070109256
0.9969660640,0.0027354928,0.0000570092,0.0000334276,0.0000312435,0.0000239471,0.0000143412,0.0000138205,0.0000080239,0.0000073842
0.4433928430,0.2114430666,0.1006976068,0.0272251982,0.0124295624,0.0115643768,0.0065857000,0.0060260119,0.0055791033,0.0053356020
0.5550961494,0.1736299247,0.0484806821,0.0412741639,0.0246428978,0.0194914583,0.0117533468,0.0114102503,0.0112338969,0.0099870721
0.9996657372,0.0002433297,0.0000737756,0.0000168312,0.0000001481,0.0000001292,0.0000000329,0.0000000225,0.0000000151,0.0000000101
0.1124331877,0.0250985678,0.0181532390,0.0178051721,0.0144790215,0.0134742856,0.0131809646,0.0130823040,0.0113596357,0.0112663740
0.9949461818,0.0003096812,0.0002208926,0.0001893085,0.0001782651,0.0001568327,0.0001200926,0.0001021886,0.0000959308,0.0000842580
0.2208386213,0.0245049652,0.0183169041,0.0172225051,0.0149044879,0.0128992889,0.0124170613,0.0118118776,0.0111426366,0.0110759959
0.8416118622,0.0547479913,0.0089308294,0.0049706786,0.0044458448,0.0044261436,0.0043905471,0.0038297225,0.0035478508,0.0033977609
0.5272452235,0.4572903216,0.0055301217,0.0007279895,0.0005607501,0.0004771368,0.0004343054,0.0004212850,0.0004027696,0.0003649216
0.0814935267,0.0638057366,0.0491417088,0.0306924861,0.0304099284,0.0188558083,0.0186730102,0.0168840401,0.0161209218,0.0144800227
0.8817147017,0.0697682351,0.0174882784,0.0129026873,0.0021718743,0.0014493377,0.0012353694,0.0011053057,0.0010204320,0.0008371796
0.9089212418,0.0236535221,0.0099474229,0.0046502468,0.0042711333,0.0041249227,0.0036213638,0.0034776730,0.0021525000,0.0014673834
0.6967709661,0.0323129818,0.0196096189,0.0184546281,0.0152099514,0.0120049445,0.0118320547,0.0079069100,0.0060531078,0.0051206732
0.5243443251,0.1255894303,0.0366250537,0.0073825815,0.0072101303,0.0068962188,0.0046759103,0.0046111946,0.0045627784,0.0045439298
0.0531149618,0.0291046798,0.0290167686,0.0284839645,0.0280051827,0.0268554036,0.0238786079,0.0201833453,0.0193116833,0.0188501589
0.1813378036,0.1503622830,0.1302192062,0.1277470142,0.0972719491,0.0211885516,0.0199558921,0.0183852986,0.0128117409,0.0105060767
0.9673589468,0.0015070693,0.0011090544,0.0008963140,0.0006386049,0.0005321535,0.0004989467,0.0004960928,0.0004474468,0.0004396201
0.9899917245,0.0012017742,0.0003435380,0.0003019032,0.0002993541,0.0002960051,0.0002401745,0.0001786114,0.0001731847,0.0001589464
0.9959224463,0.0037565739,0.0001392251,0.0000494879,0.0000416871,0.0000402615,0.0000046197,0.0000046158,0.0000043155,0.0000030117
0.5205310583,0.1053271443,0.0907247141,0.0323415175,0.0315994397,0.0171119180,0.0159950592,0.0114617404,0.0112070618,0.0097278971
0.9911942482,0.0086999787,0.0000252520,0.0000142152,0.0000069713,0.0000064840,0.0000063019,0.0000062453,0.0000054943,0.0000023608
0.9863585830,0.0096862754,0.0021886127,0.0001592202,0.0001570519,0.0001514305,0.0001202118,0.0000995256,0.0000991453,0.0000937485
0.9993849993,0.0001587849,0.0000934948,0.0000771896,0.0000410771,0.0000312063,0.0000206256,0.0000194390,0.0000141284,0.0000138730
0.9515980482,0.0047976011,0.0023604264,0.0021262402,0.0020927591,0.0013806935,0.0013770562,0.0012293800,0.0011315274,0.0009969822
0.5730354786,0.1507180184,0.0646688938,0.0471468419,0.0434376784,0.0122038359,0.0099246381,0.0097642886,0.0094509022,0.0070123384
0.2744807005,0.2313449979,0.2210429162,0.0785100982,0.0323980823,0.0320602357,0.0204392560,0.0196605157,0.0165885612,0.0124481218
0.4783441722,0.1690318882,0.1384627968,0.0434283689,0.0308468826,0.0221729409,0.0076954253,0.0060276007,0.0056544202,0.0052190959
0.9997535348,0.0001003305,0.0000951794,0.0000501104,0.0000004343,0.0000001876,0.0000000804,0.0000000628,0.0000000258,0.0000000221
0.2605263889,0.0904255807,0.0814041719,0.0592644364,0.0575957485,0.0487317443,0.0381887481,0.0305686332,0.0225063041,0.0207184777
0.7748665810,0.0099698333,0.0073923795,0.0062877568,0.0047260555,0.0046063983,0.0045476267,0.0043024397,0.0042215995,0.0038358858
0.9987591505,0.0003374295,0.0002362166,0.0001974639,0.0000676507,0.0000480944,0.0000322336,0.0000288010,0.0000232974,0.0000226740
0.9009379745,0.0057982053,0.0051293988,0.0043650353,0.0042569530,0.0040361970,0.0032049953,0.0022321437,0.0015318193,0.0012766524
0.5681979656,0.1286642104,0.1150728166,0.0318445303,0.0222300906,0.0190500524,0.0130173359,0.0076367022,0.0063273218,0.0048462483
0.9984741807,0.0011816552,0.0000884503,0.0000763859,0.0000485622,0.0000251485,0.0000224747,0.0000122380,0.0000099877,0.0000076621
0.9990130663,0.0004330899,0.0001265543,0.0000890636,0.0000781951,0.0000474695,0.0000401069,0.0000385687,0.0000174075,0.0000142107
0.5524944067,0.3335151672,0.0698475242,0.0194775946,0.0086310543,0.0061081587,0.0034253276,0.0023532705,0.0009272473,0.0006189866
