0.0011932696,0.0010483884,0.0010088393,0.0010016812,0.0009835314,0.0009758163,0.0009178256,0.0009133127,0.0009017601,0.0008589822
0.0013568555,0.0011728492,0.0011358407,0.0011199731,0.0010838952,0.0010784786,0.0010069284,0.0009971675,0.0009861242,0.0009221066
0.0012102079,0.0010886411,0.0010806904,0.0010352102,0.0009984939,0.0009699726,0.0009635463,0.0009391020,0.0009334116,0.0008855236
0.0011526719,0.0010795309,0.0010558175,0.0009995826,0.0009742938,0.0009632937,0.0009185612,0.0009142881,0.0009096257,0.0008689004
0.0011001647,0.0009836495,0.0009553370,0.0009521435,0.0009130524,0.0009079165,0.0008826556,0.0008774588,0.0008644045,0.0008286649
0.0009858481,0.0009718760,0.0009502453,0.0009423116,0.0008857142,0.0008800587,0.0008700805,0.0008497688,0.0008463967,0.0008431579
0.0013472711,0.0011984087,0.0011901470,0.0011351263,0.0010769429,0.0010661515,0.0010611846,0.0010187309,0.0010092461,0.0009267958
0.0010883717,0.0009687163,0.0009382084,0.0009222440,0.0009130432,0.0009078967,0.0008663045,0.0008574725,0.0008484053,0.0008180971
0.0010567801,0.0009885979,0.0009469495,0.0009420377,0.0009245083,0.0009119360,0.0008652838,0.0008484751,0.0008326503,0.0008238605
0.0012036262,0.0010636596,0.0010251073,0.0010208907,0.0009848834,0.0009823451,0.0009271713,0.0009263004,0.0009164545,0.0008675966
0.0011061219,0.0009849761,0.0009511940,0.0009385209,0.0009255729,0.0009211444,0.0008769814,0.0008699209,0.0008596212,0.0008245399
0.0011421539,0.0010181143,0.0009842792,0.0009789781,0.0009424684,0.0009385766,0.0008993690,0.0008950199,0.0008844663,0.0008442382
0.0011376572,0.0010067428,0.0009740755,0.0009590517,0.0009451774,0.0009381560,0.0008904379,0.0008849039,0.0008755497,0.0008379374
0.0011942284,0.0011729033,0.0011053820,0.0010702836,0.0009931239,0.0009703656,0.0009505558,0.0009466027,0.0009357773,0.0009258037
0.0010855449,0.0009704016,0.0009382903,0.0009212250,0.0009114855,0.0009075729,0.0008650692,0.0008561743,0.0008487270,0.0008175633
0.0027495082,0.0026751093,0.0021850751,0.0020350209,0.0018837166,0.0018704727,0.0017572570,0.0015795305,0.0015303022,0.0015174086
0.0013904672,0.0012035702,0.0011751783,0.0011462430,0.0011027181,0.0011014416,0.0010320798,0.0010137775,0.0010090269,0.0009399846
0.0012973923,0.0011512676,0.0011432363,0.0011017475,0.0010259422,0.0010250936,0.0010141731,0.0009877023,0.0009662099,0.0009196749
0.0010606456,0.0009524296,0.0009238053,0.0009050588,0.0008915803,0.0008910585,0.0008541021,0.0008440669,0.0008376357,0.0008103771
0.0019566410,0.0015896421,0.0015834004,0.0014736017,0.0014312845,0.0014125243,0.0013158052,0.0012415630,0.0012382250,0.0010999249
0.0009907702,0.0009056765,0.0009018252,0.0008898520,0.0008610996,0.0008549375,0.0008320584,0.0008219827,0.0008064504,0.0007969915
0.0010795700,0.0009655689,0.0009342075,0.0009175579,0.0009068717,0.0009040973,0.0008629473,0.0008539935,0.0008457434,0.0008147556
0.0011834619,0.0010407813,0.0010021164,0.0009944593,0.0009758743,0.0009685426,0.0009124268,0.0009084731,0.0008963054,0.0008553108
0.0014183037,0.0012222154,0.0011939121,0.0011702027,0.0011081256,0.0011077153,0.0010521997,0.0010239156,0.0010223143,0.0009471563
0.0072418838,0.0070877397,0.0065278797,0.0054269065,0.0050587095,0.0046157567,0.0043313596,0.0030239334,0.0029326044,0.0028684817
0.0011174674,0.0009920263,0.0009585849,0.0009439072,0.0009335362,0.0009274609,0.0008798259,0.0008716296,0.0008639627,0.0008294421
0.0012054415,0.0010550013,0.0010189930,0.0010097424,0.0009884003,0.0009793190,0.0009219954,0.0009193299,0.0009088581,0.0008653092
0.0012091494,0.0011487151,0.0010802484,0.0010446961,0.0010431301,0.0009876195,0.0009543111,0.0009535074,0.0009359767,0.0008822213
0.0011084683,0.0009936574,0.0009587312,0.0009514978,0.0009230792,0.0009175562,0.0008783626,0.0008779616,0.0008669245,0.0008312736
0.0011153278,0.0009973734,0.0009844552,0.0009737555,0.0009184250,0.0009137479,0.0009027213,0.0008919109,0.0008896432,0.0008403541
0.0059905890,0.0051354142,0.0049111131,0.0038353265,0.0037662201,0.0037656717,0.0033297893,0.0025877433,0.0023624136,0.0023090616
0.0013481973,0.0011906775,0.0011819844,0.0011286646,0.0010847637,0.0010654515,0.0010400785,0.0010054044,0.0010026199,0.0009358993
0.0052196467,0.0045847842,0.0040891985,0.0040387856,0.0036735171,0.0035250168,0.0030736600,0.0023290804,0.0022059111,0.0021956547
0.0011017488,0.0010145820,0.0010013244,0.0009721571,0.0009457418,0.0009105527,0.0009003822,0.0008954265,0.0008690128,0.0008476549
0.0016730109,0.0013933603,0.0013743785,0.0013069997,0.0012730499,0.0012640721,0.0011680806,0.0011313824,0.0011261004,0.0010237707
0.0011634473,0.0010371458,0.0010024752,0.0010012444,0.0009578055,0.0009507342,0.0009148294,0.0009086541,0.0008976572,0.0008546605
0.0011560532,0.0010244939,0.0010234924,0.0009994535,0.0009446319,0.0009333978,0.0009327317,0.0009128557,0.0009030274,0.0008502306
0.0011527969,0.0010198428,0.0009828253,0.0009729282,0.0009561881,0.0009506412,0.0008990280,0.0008941144,0.0008827842,0.0008431763
0.0011984078,0.0010496847,0.0010137392,0.0010040398,0.0009853552,0.0009764868,0.0009192670,0.0009155120,0.0009041569,0.0008611145
0.0010839977,0.0009856544,0.0009832421,0.0009623909,0.0009258697,0.0009049481,0.0008785348,0.0008772537,0.0008674170,0.0008431186
0.0011152950,0.0009924694,0.0009573795,0.0009432201,0.0009321249,0.0009266295,0.0008792802,0.0008719246,0.0008636129,0.0008279120
0.0015976242,0.0013359525,0.0013062889,0.0012704512,0.0012254945,0.0012090442,0.0011264982,0.0010953348,0.0010929430,0.0009993305
0.0012832219,0.0011225804,0.0010843520,0.0010755799,0.0010369653,0.0010347674,0.0009708364,0.0009629423,0.0009551298,0.0008984649
0.0013507345,0.0011742214,0.0011489780,0.0011227597,0.0010760351,0.0010706892,0.0010162186,0.0009969405,0.0009905422,0.0009249142
0.0010542123,0.0009460839,0.0009172297,0.0008963809,0.0008902012,0.0008867782,0.0008487804,0.0008372886,0.0008312329,0.0008058831
0.0012268634,0.0010727304,0.0010369389,0.0010267985,0.0010014704,0.0009917639,0.0009342268,0.0009319272,0.0009219364,0.0008741805
0.0011798291,0.0010455683,0.0010055130,0.0010032628,0.0009706746,0.0009702162,0.0009145605,0.0009132865,0.0009012508,0.0008584343
0.0013084224,0.0011380832,0.0011025280,0.0010970057,0.0010418054,0.0010325257,0.0009891309,0.0009744957,0.0009700611,0.0009129447
0.0013227653,0.0011446453,0.0011046201,0.0010964862,0.0010632968,0.0010564694,0.0009841281,0.0009790499,0.0009679437,0.0009109050
0.0013852136,0.0011873854,0.0011452566,0.0011369188,0.0011016962,0.0010899144,0.0010150452,0.0010057772,0.0009951063,0.0009300159
0.0011095284,0.0009899851,0.0009567626,0.0009427692,0.0009255338,0.0009232160,0.0008777473,0.0008710246,0.0008626553,0.0008276048
0.0012859197,0.0011305149,0.0011006162,0.0010820494,0.0010391098,0.0010287425,0.0009835466,0.0009668412,0.0009617829,0.0009031056
0.0011381739,0.0010088958,0.0009719758,0.0009619717,0.0009474875,0.0009417199,0.0008920423,0.0008866692,0.0008753201,0.0008369591
0.0012209833,0.0010674179,0.0010257949,0.0010224187,0.0010018279,0.0009919953,0.0009313960,0.0009307878,0.0009163615,0.0008682436
0.0011094604,0.0009914653,0.0009621087,0.0009615545,0.0009165041,0.0009120729,0.0008931534,0.0008818946,0.0008698507,0.0008327076
0.0014747144,0.0012483166,0.0012477370,0.0011949638,0.0011315179,0.0011299399,0.0010829234,0.0010462945,0.0010402262,0.0009611357
0.0011576248,0.0010223673,0.0009860045,0.0009752268,0.0009587899,0.0009524751,0.0009006286,0.0008957468,0.0008847840,0.0008449514
0.0014979441,0.0012647195,0.0012286182,0.0012094652,0.0011691765,0.0011538668,0.0010727727,0.0010533766,0.0010465903,0.0009683378
0.0016214052,0.0013558535,0.0013257120,0.0012878039,0.0012383108,0.0012220335,0.0011440119,0.0011056020,0.0011049218,0.0010072902
0.0010980553,0.0009899004,0.0009680114,0.0009642029,0.0009008205,0.0009001147,0.0008902861,0.0008778875,0.0008765934,0.0008436576
0.0011680999,0.0010500883,0.0010304322,0.0010089044,0.0009691367,0.0009470849,0.0009371211,0.0009186890,0.0009089099,0.0008635763
0.0013860577,0.0012657921,0.0012328649,0.0011538485,0.0011219779,0.0010965506,0.0010673363,0.0010358047,0.0010302815,0.0009604028
0.0011134763,0.0010039930,0.0009928116,0.0009741524,0.0009264675,0.0009106376,0.0009080526,0.0008930638,0.0008847687,0.0008397117
0.0012505426,0.0011035874,0.0010672479,0.0010602893,0.0010156551,0.0010109236,0.0009605417,0.0009515664,0.0009463214,0.0008888451
0.0013741860,0.0011799948,0.0011392161,0.0011279670,0.0010961251,0.0010848951,0.0010112465,0.0010016356,0.0009912585,0.0009264299
0.0015558568,0.0013332496,0.0013162895,0.0012386100,0.0011848776,0.0011822091,0.0011577435,0.0010882739,0.0010845324,0.0009819709
0.0012499732,0.0010972457,0.0010632448,0.0010553148,0.0010088556,0.0010082675,0.0009588979,0.0009463310,0.0009383886,0.0008864592
0.0012240906,0.0010962831,0.0010795998,0.0010475476,0.0010028083,0.0009800748,0.0009666068,0.0009413648,0.0009412578,0.0008865863
0.0014945741,0.0012612079,0.0012248327,0.0012043719,0.0011675789,0.0011531533,0.0010683450,0.0010524258,0.0010429001,0.0009669451
0.0011655816,0.0010388172,0.0010024449,0.0009961209,0.0009653759,0.0009583042,0.0009136120,0.0009111130,0.0008977193,0.0008554116
0.0011558359,0.0010204989,0.0009852452,0.0009727647,0.0009583084,0.0009512146,0.0008984745,0.0008921066,0.0008834206,0.0008448276
0.0012224844,0.0010699562,0.0010279764,0.0010255778,0.0010016219,0.0009935136,0.0009318127,0.0009312929,0.0009179685,0.0008710026
0.0014067334,0.0012089767,0.0011852848,0.0011533052,0.0011068910,0.0011039514,0.0010456344,0.0010188745,0.0010124790,0.0009397857
0.0010866019,0.0009701952,0.0009399633,0.0009228778,0.0009103430,0.0009085125,0.0008665967,0.0008570391,0.0008494119,0.0008181545
0.0013709156,0.0011722064,0.0011323900,0.0011205608,0.0010945904,0.0010820790,0.0010037173,0.0009993374,0.0009838509,0.0009244580
0.0024144682,0.0023186500,0.0021646074,0.0020812980,0.0020668418,0.0020166102,0.0017420839,0.0015080668,0.0014982367,0.0014827456
0.0010628070,0.0009516880,0.0009232971,0.0009055497,0.0008952956,0.0008932856,0.0008556151,0.0008454985,0.0008377486,0.0008081616
0.0011769310,0.0011258095,0.0010472136,0.0010231502,0.0010224384,0.0009676372,0.0009442733,0.0009432391,0.0009091254,0.0008842410
0.0011447851,0.0010124375,0.0009767235,0.0009650505,0.0009519218,0.0009450195,0.0008938743,0.0008872084,0.0008776556,0.0008400889
0.0010791969,0.0009649998,0.0009341948,0.0009158950,0.0009069928,0.0009030961,0.0008615770,0.0008521797,0.0008442394,0.0008148989
0.0016084121,0.0013810870,0.0013705959,0.0012888300,0.0012246689,0.0012129925,0.0011806772,0.0011222196,0.0011062241,0.0010147779
0.0011512511,0.0010189216,0.0009873528,0.0009708952,0.0009510589,0.0009440488,0.0008973780,0.0008961376,0.0008851765,0.0008480133
0.0014750492,0.0012474864,0.0012127816,0.0011844417,0.0011582510,0.0011444094,0.0010592409,0.0010455783,0.0010330781,0.0009601055
0.0010609649,0.0009514646,0.0009218780,0.0009016529,0.0008947749,0.0008913846,0.0008522464,0.0008413681,0.0008349582,0.0008086027
0.0011242987,0.0009969843,0.0009626597,0.0009496626,0.0009373781,0.0009315347,0.0008835875,0.0008768268,0.0008670606,0.0008322589
0.0010815084,0.0009651193,0.0009408635,0.0009386600,0.0008980709,0.0008926751,0.0008747757,0.0008685773,0.0008527000,0.0008167197
0.0010712434,0.0009584866,0.0009290128,0.0009093122,0.0009016450,0.0008978923,0.0008580131,0.0008471239,0.0008405114,0.0008121446
0.0014158381,0.0012051272,0.0011667418,0.0011495620,0.0011214780,0.0011088165,0.0010270575,0.0010186415,0.0010049337,0.0009401116
0.0011041645,0.0009816675,0.0009478567,0.0009347155,0.0009243529,0.0009182082,0.0008732255,0.0008662952,0.0008571949,0.0008242726
0.0011091577,0.0009946431,0.0009767469,0.0009670288,0.0009130939,0.0009128206,0.0009055906,0.0008920580,0.0008868933,0.0008370064
0.0012401524,0.0011139633,0.0011121205,0.0010595772,0.0010105046,0.0009981307,0.0009803352,0.0009542870,0.0009528918,0.0008961095
0.0011770232,0.0010372417,0.0009991805,0.0009898613,0.0009711418,0.0009651917,0.0009098251,0.0009055677,0.0008940191,0.0008527592
0.0010711087,0.0009601995,0.0009306319,0.0009193486,0.0009005470,0.0008964611,0.0008665759,0.0008601370,0.0008507000,0.0008135924
0.0011585864,0.0010680703,0.0010521279,0.0010061159,0.0009662786,0.0009648573,0.0009232124,0.0009215291,0.0009132455,0.0008675610
0.0011512364,0.0010188336,0.0009831297,0.0009704214,0.0009547357,0.0009480204,0.0008963029,0.0008916202,0.0008827586,0.0008427258
0.0009991106,0.0009628501,0.0009610318,0.0009519030,0.0009017072,0.0008709165,0.0008652883,0.0008640625,0.0008624700,0.0008549446
0.0014928654,0.0012706956,0.0012518615,0.0012091330,0.0011563519,0.0011545288,0.0010886997,0.0010532914,0.0010525713,0.0009707200
0.0015520471,0.0013048269,0.0012733417,0.0012341235,0.0012026777,0.0011901171,0.0011016703,0.0010794706,0.0010689301,0.0009845464
0.0011035529,0.0009791591,0.0009467599,0.0009337902,0.0009233578,0.0009169739,0.0008737447,0.0008670890,0.0008563990,0.0008243383
0.0012140691,0.0010871235,0.0010734671,0.0010354690,0.0010030995,0.0009783712,0.0009639295,0.0009424830,0.0009318736,0.0008845640
0.0013653166,0.0011829388,0.0011506733,0.0011288801,0.0010883269,0.0010868472,0.0010151697,0.0010029572,0.0009947190,0.0009300793
0.0010075675,0.0009162058,0.0009087765,0.0008716112,0.0008389959,0.0008351466,0.0008299226,0.0008273211,0.0008253142,0.0008092573
0.0010593886,0.0009491371,0.0009350818,0.0009333302,0.0008698705,0.0008582611,0.0008581349,0.0008548553,0.0008530908,0.0008167346
0.0016116991,0.0014239510,0.0013911916,0.0012936541,0.0012531091,0.0012222172,0.0011999807,0.0011368908,0.0011217431,0.0010286567
0.0012809219,0.0012458452,0.0011895789,0.0011410605,0.0010946185,0.0010658009,0.0010244625,0.0009794217,0.0009448991,0.0009365845
0.0010830507,0.0009682575,0.0009369609,0.0009190413,0.0009097069,0.0009057370,0.0008636955,0.0008543206,0.0008471210,0.0008167004
0.0010921453,0.0009735688,0.0009413378,0.0009254707,0.0009161553,0.0009111601,0.0008680187,0.0008597564,0.0008511054,0.0008198128
0.0014359462,0.0013439599,0.0012442596,0.0011827039,0.0011735193,0.0010988113,0.0010655022,0.0010608635,0.0010509607,0.0009654623
0.0010770294,0.0009633162,0.0009327666,0.0009138195,0.0009055085,0.0009014216,0.0008599550,0.0008500451,0.0008433653,0.0008143705
0.0014530921,0.0012337054,0.0011951362,0.0011754929,0.0011450199,0.0011309691,0.0010480275,0.0010353128,0.0010240802,0.0009520325
0.0010869582,0.0009734851,0.0009428249,0.0009254068,0.0009077063,0.0009069516,0.0008655612,0.0008591010,0.0008517379,0.0008206979
0.0012286124,0.0010823724,0.0010447785,0.0010390577,0.0010031374,0.0010022058,0.0009403101,0.0009395612,0.0009276519,0.0008796042
0.0012151417,0.0010683731,0.0010387445,0.0010268510,0.0009854825,0.0009799963,0.0009323360,0.0009269315,0.0009227424,0.0008737004
0.0011266784,0.0010660533,0.0010112046,0.0009903482,0.0009833985,0.0009433573,0.0009165138,0.0009043913,0.0008819021,0.0008648617
0.0012186182,0.0011154477,0.0011045923,0.0010436748,0.0010110415,0.0009947960,0.0009633955,0.0009499967,0.0009471699,0.0008972396
0.0013996890,0.0011988812,0.0011622320,0.0011431526,0.0011105728,0.0011017671,0.0010253054,0.0010138090,0.0010022415,0.0009340937
0.0010966103,0.0009742792,0.0009430228,0.0009282382,0.0009188121,0.0009128512,0.0008705575,0.0008628053,0.0008528330,0.0008216184
0.0011049336,0.0009898851,0.0009573764,0.0009550452,0.0009223856,0.0009138004,0.0008841762,0.0008812428,0.0008663145,0.0008292040
0.0011814296,0.0010505372,0.0010127637,0.0010077374,0.0009752235,0.0009707521,0.0009195200,0.0009178557,0.0009054742,0.0008610929
0.0012079302,0.0010774177,0.0010665259,0.0010321791,0.0009931144,0.0009711854,0.0009610567,0.0009372903,0.0009256566,0.0008794086
0.0012620528,0.0010962265,0.0010531778,0.0010521876,0.0010269135,0.0010165015,0.0009512918,0.0009494908,0.0009355369,0.0008853907
0.0010928179,0.0009736407,0.0009430166,0.0009334140,0.0009142736,0.0009135751,0.0008744917,0.0008682866,0.0008549663,0.0008193266
0.0015722906,0.0013170942,0.0012867210,0.0012509747,0.0012130004,0.0011974913,0.0011113778,0.0010848268,0.0010787875,0.0009909899
0.0010889071,0.0009729381,0.0009404579,0.0009232134,0.0009139985,0.0009094613,0.0008662607,0.0008574629,0.0008500396,0.0008187334
0.0013144016,0.0011356735,0.0010938022,0.0010881068,0.0010584797,0.0010468649,0.0009806103,0.0009739550,0.0009628148,0.0009044934
0.0011372016,0.0010267510,0.0010158487,0.0009878473,0.0009381070,0.0009312927,0.0009163754,0.0009036056,0.0008960670,0.0008490115
0.0011879350,0.0010708671,0.0010607352,0.0010217167,0.0009886397,0.0009578065,0.0009548847,0.0009319720,0.0009226134,0.0008769911
0.0014810439,0.0012517655,0.0012210225,0.0011887397,0.0011588479,0.0011477653,0.0010633323,0.0010462321,0.0010341392,0.0009591234
0.0012393702,0.0011021865,0.0010829030,0.0010534662,0.0010163966,0.0009982537,0.0009673344,0.0009512173,0.0009436821,0.0008926080
0.0013160915,0.0011557646,0.0011310293,0.0010995907,0.0010647811,0.0010543329,0.0010010573,0.0009842074,0.0009788551,0.0009171921
0.0010172244,0.0009391264,0.0009220438,0.0009174204,0.0008826515,0.0008576700,0.0008507096,0.0008395353,0.0008099523,0.0008031539
0.0011886179,0.0010644244,0.0010610677,0.0010288942,0.0009742999,0.0009566325,0.0009500179,0.0009375777,0.0009340355,0.0008702824
0.0010917333,0.0009884988,0.0009877174,0.0009626443,0.0009205054,0.0008998596,0.0008923202,0.0008866999,0.0008825219,0.0008357957
0.0010372688,0.0009327868,0.0009077486,0.0008833069,0.0008766601,0.0008745840,0.0008405505,0.0008275453,0.0008225125,0.0008007658
0.0011806346,0.0010390270,0.0010002012,0.0009926558,0.0009749835,0.0009678567,0.0009119769,0.0009073244,0.0008959362,0.0008542128
0.0012697792,0.0011779005,0.0011284517,0.0010767322,0.0010668896,0.0010074604,0.0009963959,0.0009799912,0.0009728788,0.0009042898
0.0010909336,0.0009715061,0.0009648121,0.0009523064,0.0009051368,0.0009023200,0.0008913503,0.0008822792,0.0008652247,0.0008245627
0.0011501906,0.0010605403,0.0010356939,0.0010058123,0.0009692754,0.0009504569,0.0009317356,0.0009179366,0.0009028666,0.0008621184
0.0010602664,0.0009723834,0.0009698338,0.0009409796,0.0009114459,0.0008850679,0.0008741813,0.0008730457,0.0008574884,0.0008232828
0.0011644232,0.0010275077,0.0009897571,0.0009796295,0.0009644000,0.0009574295,0.0009031729,0.0008976969,0.0008874220,0.0008478779
0.0011104791,0.0009903002,0.0009562402,0.0009442614,0.0009269271,0.0009248347,0.0008783698,0.0008708913,0.0008626520,0.0008285740
0.0012024200,0.0010713190,0.0010677991,0.0010320124,0.0009786633,0.0009707035,0.0009569803,0.0009347276,0.0009344964,0.0008698381
0.0011525563,0.0011129818,0.0010578989,0.0009949831,0.0009910625,0.0009690967,0.0009242612,0.0009175744,0.0008960176,0.0008769518
0.0010698376,0.0009580198,0.0009274746,0.0009083590,0.0009012282,0.0008974279,0.0008568784,0.0008464922,0.0008395485,0.0008114822
0.0011925437,0.0010685457,0.0010422006,0.0010199840,0.0009873924,0.0009679045,0.0009415679,0.0009270631,0.0009200333,0.0008736491
0.0013248497,0.0012009852,0.0011496693,0.0011069322,0.0010717002,0.0010390182,0.0010145649,0.0010029481,0.0010009810,0.0009209474
0.0010765855,0.0009613712,0.0009316202,0.0009139114,0.0009052168,0.0009014381,0.0008615915,0.0008520798,0.0008435297,0.0008143953
0.0011373719,0.0010050492,0.0009701607,0.0009587255,0.0009467574,0.0009391073,0.0008896851,0.0008836924,0.0008738071,0.0008377316
0.0015210591,0.0012949755,0.0012825602,0.0012259936,0.0011721990,0.0011695626,0.0011112591,0.0010670424,0.0010666322,0.0009808623
0.0013308233,0.0012221475,0.0011965879,0.0011189020,0.0010891843,0.0010677346,0.0010371607,0.0010107397,0.0010052462,0.0009456110
0.0010849066,0.0009690321,0.0009383055,0.0009197147,0.0009109690,0.0009064667,0.0008642314,0.0008544694,0.0008478538,0.0008171818
0.0012354341,0.0012114876,0.0011786385,0.0010891511,0.0010588396,0.0010034844,0.0009680082,0.0009427248,0.0009404490,0.0009299057
0.0010945052,0.0009922931,0.0009881614,0.0009609067,0.0009314653,0.0009060547,0.0008842412,0.0008774338,0.0008706130,0.0008404193
0.0016937295,0.0016317418,0.0016316493,0.0016198533,0.0015104251,0.0014612428,0.0013532944,0.0012776192,0.0012158722,0.0011927871
0.0078716129,0.0072613019,0.0068930862,0.0054946779,0.0051652016,0.0046953475,0.0043530706,0.0031143632,0.0030071086,0.0028988458
0.0010273334,0.0010164243,0.0009585993,0.0009490114,0.0009355383,0.0009089852,0.0008804560,0.0008316065,0.0008271862,0.0008258115
0.0012197619,0.0011088817,0.0010972684,0.0010448642,0.0010048680,0.0009940568,0.0009648415,0.0009493870,0.0009436321,0.0008902065
0.0011043674,0.0010254778,0.0009874908,0.0009783795,0.0009675034,0.0009198485,0.0009046448,0.0008878194,0.0008641476,0.0008494055
0.0011146759,0.0010019146,0.0009680597,0.0009657147,0.0009308405,0.0009175652,0.0008887664,0.0008863823,0.0008736280,0.0008375829
0.0012903764,0.0011356227,0.0011137769,0.0010819290,0.0010461492,0.0010357023,0.0009882475,0.0009720960,0.0009635591,0.0009066993
0.0011635415,0.0010382909,0.0010281347,0.0010098401,0.0009470610,0.0009398750,0.0009347393,0.0009169445,0.0009151843,0.0008592278
0.0011144917,0.0009875939,0.0009547213,0.0009423643,0.0009301265,0.0009241591,0.0008795232,0.0008738368,0.0008619442,0.0008290721
0.0011737645,0.0010489994,0.0010213607,0.0010076057,0.0009681431,0.0009578728,0.0009274891,0.0009156780,0.0009066706,0.0008611301
0.0011030448,0.0009877512,0.0009555614,0.0009480927,0.0009179855,0.0009145440,0.0008770747,0.0008758708,0.0008614887,0.0008272285
0.0009995004,0.0009640055,0.0009255138,0.0009103169,0.0009060884,0.0008694821,0.0008504471,0.0008267167,0.0008120929,0.0007949380
0.0012249971,0.0010724062,0.0010303019,0.0010280366,0.0010016230,0.0009950922,0.0009334324,0.0009327495,0.0009191520,0.0008713608
0.0012416653,0.0010808090,0.0010395030,0.0010361916,0.0010145260,0.0010039929,0.0009401839,0.0009387686,0.0009249861,0.0008781814
0.0011035341,0.0009800211,0.0009475551,0.0009337931,0.0009236020,0.0009175679,0.0008734865,0.0008662851,0.0008565144,0.0008240610
0.0011231673,0.0010001274,0.0009646371,0.0009580786,0.0009342314,0.0009337830,0.0008904770,0.0008871722,0.0008761814,0.0008339371
0.0013969005,0.0012006727,0.0011685999,0.0011515799,0.0011020174,0.0010962415,0.0010330160,0.0010116522,0.0010075594,0.0009381683
0.0010714957,0.0009634095,0.0009406889,0.0009384044,0.0008894300,0.0008843979,0.0008765321,0.0008654987,0.0008597463,0.0008204280
0.0011721798,0.0010346676,0.0009967354,0.0009906696,0.0009669596,0.0009631663,0.0009080421,0.0009046529,0.0008937703,0.0008528539
0.0011347821,0.0010086136,0.0009726523,0.0009627840,0.0009425370,0.0009387040,0.0008897070,0.0008861555,0.0008763556,0.0008377740
0.0010962990,0.0009791875,0.0009466290,0.0009318367,0.0009164775,0.0009143883,0.0008708575,0.0008630278,0.0008544610,0.0008219310
0.0011170413,0.0009927843,0.0009592213,0.0009466303,0.0009320700,0.0009279013,0.0008806451,0.0008735241,0.0008653949,0.0008305754
0.0010621872,0.0009558839,0.0009272537,0.0009111612,0.0008912488,0.0008889814,0.0008542776,0.0008494536,0.0008385594,0.0008122332
0.0013023089,0.0011588425,0.0011583022,0.0010992602,0.0010513986,0.0010265338,0.0010215043,0.0009842225,0.0009816510,0.0009207038
0.0013202147,0.0013127017,0.0011832457,0.0011692832,0.0011033713,0.0010725664,0.0010240349,0.0010235948,0.0009853020,0.0009844842
0.0011049948,0.0009814100,0.0009488162,0.0009357001,0.0009233248,0.0009175002,0.0008746259,0.0008687858,0.0008573103,0.0008256178
0.0016767972,0.0014172463,0.0014128176,0.0013245167,0.0012719203,0.0012661370,0.0011966992,0.0011444661,0.0011379078,0.0010343852
0.0015606650,0.0013165646,0.0012893860,0.0012569516,0.0012007975,0.0011902334,0.0011164664,0.0010848254,0.0010808130,0.0009927343
0.0010557071,0.0009980594,0.0009537908,0.0009431095,0.0009190284,0.0008772418,0.0008737714,0.0008662960,0.0008211940,0.0008182615
0.0011577493,0.0010284433,0.0009937705,0.0009936440,0.0009484939,0.0009454066,0.0009082077,0.0009025011,0.0008953432,0.0008502308
0.0011345062,0.0010166845,0.0009833084,0.0009804026,0.0009391212,0.0009310117,0.0009011459,0.0008942130,0.0008845619,0.0008436855
0.0011241996,0.0010077511,0.0009925080,0.0009774453,0.0009305901,0.0009172156,0.0009129440,0.0008960377,0.0008901478,0.0008397322
0.0010991454,0.0010439928,0.0009928360,0.0009826117,0.0009689738,0.0009506561,0.0009035545,0.0008727270,0.0008591884,0.0008563324
0.0014540221,0.0012472050,0.0012127121,0.0012005132,0.0011274008,0.0011096483,0.0010771500,0.0010462792,0.0010276374,0.0009687415
0.0011125038,0.0009986791,0.0009674428,0.0009639138,0.0009254087,0.0009157635,0.0008880640,0.0008828652,0.0008710983,0.0008348264
0.0011519360,0.0010185414,0.0009814664,0.0009709258,0.0009563774,0.0009498649,0.0008976501,0.0008919566,0.0008817704,0.0008428903
0.0010807979,0.0009620991,0.0009332317,0.0009158307,0.0009079111,0.0009027555,0.0008632393,0.0008541667,0.0008444231,0.0008159466
0.0012900279,0.0011187359,0.0010755651,0.0010746155,0.0010446169,0.0010344126,0.0009651883,0.0009627225,0.0009507779,0.0008960958
0.0010813216,0.0009660335,0.0009354200,0.0009167681,0.0009084268,0.0009039725,0.0008621825,0.0008519018,0.0008452575,0.0008153594
0.0012192888,0.0010693603,0.0010288792,0.0010260601,0.0009976185,0.0009925555,0.0009300797,0.0009289861,0.0009180342,0.0008712708
0.0013674821,0.0011734751,0.0011316421,0.0011260714,0.0010905848,0.0010785141,0.0010056257,0.0009966532,0.0009869629,0.0009230444
0.0010470526,0.0009545873,0.0009450540,0.0009322603,0.0008837880,0.0008801452,0.0008646593,0.0008514764,0.0008461141,0.0008135165
0.0012009295,0.0010636029,0.0010252763,0.0010194755,0.0009859040,0.0009819543,0.0009292813,0.0009251772,0.0009148988,0.0008674348
0.0011502176,0.0010155988,0.0009801758,0.0009681712,0.0009549766,0.0009479260,0.0008962369,0.0008891441,0.0008797557,0.0008428343
0.0011171503,0.0009901840,0.0009578437,0.0009459745,0.0009313536,0.0009260522,0.0008811472,0.0008748048,0.0008629212,0.0008296063
0.0011529196,0.0011510381,0.0010656863,0.0010478200,0.0010009730,0.0009737555,0.0009480435,0.0009395237,0.0009346972,0.0009268393
0.0012718557,0.0011557830,0.0011221904,0.0010792568,0.0010312103,0.0010136601,0.0009889607,0.0009707338,0.0009671046,0.0009009857
0.0013328043,0.0012123188,0.0011691673,0.0011204671,0.0010809773,0.0010526215,0.0010200762,0.0010128050,0.0010088582,0.0009227974
0.0014224960,0.0012262543,0.0011972642,0.0011692441,0.0011189041,0.0011159234,0.0010509654,0.0010267381,0.0010260494,0.0009503869
0.0010681920,0.0009570416,0.0009267220,0.0009072978,0.0008997191,0.0008961206,0.0008558930,0.0008456013,0.0008388706,0.0008113051
0.0011158966,0.0009994159,0.0009682651,0.0009627012,0.0009193664,0.0009140488,0.0008925745,0.0008811287,0.0008749290,0.0008359074
0.0015197935,0.0012794712,0.0012463556,0.0012130099,0.0011850842,0.0011713533,0.0010810753,0.0010648873,0.0010520940,0.0009730477
0.0010891689,0.0009722959,0.0009421366,0.0009239309,0.0009135126,0.0009089199,0.0008666577,0.0008583544,0.0008501966,0.0008192905
0.0012348163,0.0010759159,0.0010343995,0.0010315651,0.0010104042,0.0010004275,0.0009361146,0.0009344309,0.0009215980,0.0008752983
0.0011595410,0.0010245087,0.0009888683,0.0009763400,0.0009599577,0.0009531370,0.0009014822,0.0008973643,0.0008866756,0.0008455493
0.0013200229,0.0011387569,0.0010965473,0.0010915330,0.0010631192,0.0010525694,0.0009788550,0.0009767434,0.0009620155,0.0009057089
0.0011448560,0.0010351618,0.0010304779,0.0010001548,0.0009539609,0.0009433037,0.0009237344,0.0009160727,0.0009021774,0.0008576843
0.0009568830,0.0009238410,0.0008887083,0.0008804548,0.0008775548,0.0008774719,0.0008286681,0.0007995860,0.0007963596,0.0007905216
0.0011228189,0.0009976110,0.0009625073,0.0009485387,0.0009373456,0.0009309577,0.0008825814,0.0008752118,0.0008676200,0.0008310530
0.0012432818,0.0010843289,0.0010673649,0.0010550554,0.0009888565,0.0009884444,0.0009619562,0.0009450404,0.0009391801,0.0008824047
0.0011374840,0.0010129489,0.0009759787,0.0009705352,0.0009433634,0.0009427404,0.0008933923,0.0008909446,0.0008790859,0.0008411726
0.0014005476,0.0012076546,0.0012050899,0.0011576152,0.0010905674,0.0010856991,0.0010708414,0.0010241414,0.0010241256,0.0009374134
0.0013694336,0.0011866924,0.0011574196,0.0011325843,0.0010887050,0.0010884051,0.0010201700,0.0010039740,0.0009992070,0.0009331442
0.0011383431,0.0010087660,0.0009725048,0.0009603443,0.0009473251,0.0009406511,0.0008903397,0.0008840917,0.0008751934,0.0008369794
0.0011816031,0.0010358960,0.0010000500,0.0009910917,0.0009751553,0.0009662051,0.0009107819,0.0009059220,0.0008950037,0.0008558779
0.0011329760,0.0010372694,0.0010264999,0.0009902607,0.0009609334,0.0009324613,0.0009116309,0.0009101460,0.0009023073,0.0008552361
0.0012392632,0.0010798466,0.0010368221,0.0010359414,0.0010127374,0.0010026556,0.0009396718,0.0009392160,0.0009244974,0.0008768712
0.0012750303,0.0011057378,0.0010650097,0.0010602728,0.0010348776,0.0010240739,0.0009550218,0.0009536014,0.0009413112,0.0008902681
0.0012697629,0.0011880741,0.0011255099,0.0010810521,0.0010727243,0.0010221538,0.0009960618,0.0009896867,0.0009840699,0.0009092712
0.0016039721,0.0013622928,0.0013610111,0.0012798946,0.0012220730,0.0012153275,0.0011638599,0.0011145109,0.0011073662,0.0010125305
0.0013698937,0.0011745597,0.0011353442,0.0011233829,0.0010945078,0.0010836490,0.0010059474,0.0009994784,0.0009875614,0.0009247515
0.0014852099,0.0012577374,0.0012186802,0.0011996473,0.0011627855,0.0011479286,0.0010658035,0.0010497347,0.0010418823,0.0009642962
0.0011440433,0.0010189406,0.0009806181,0.0009775517,0.0009496146,0.0009464148,0.0008985916,0.0008951601,0.0008830164,0.0008437504
0.0010962195,0.0009736246,0.0009420206,0.0009280755,0.0009183426,0.0009123019,0.0008701558,0.0008629065,0.0008524855,0.0008218093
0.0012179087,0.0010674517,0.0010252320,0.0010209124,0.0009989406,0.0009909922,0.0009296845,0.0009280136,0.0009155388,0.0008682434
0.0011460539,0.0010519146,0.0010278407,0.0009962152,0.0009705653,0.0009359423,0.0009229041,0.0009185630,0.0009119697,0.0008507540
0.0016160462,0.0013505711,0.0013227080,0.0012859546,0.0012324995,0.0012160562,0.0011424909,0.0011048057,0.0011013931,0.0010064146
0.0012962928,0.0011193582,0.0010754896,0.0010753234,0.0010487987,0.0010374893,0.0009651536,0.0009627262,0.0009491787,0.0008980444
0.0013649134,0.0011729052,0.0011307803,0.0011234755,0.0010913515,0.0010795261,0.0010046640,0.0009974107,0.0009868311,0.0009229933
0.0012568099,0.0011022487,0.0010959081,0.0010598545,0.0009961013,0.0009884235,0.0009848028,0.0009666639,0.0009495117,0.0008905965
0.0016652266,0.0013812451,0.0013640523,0.0013018816,0.0012665105,0.0012547314,0.0011594812,0.0011249211,0.0011166544,0.0010192280
0.0009847992,0.0009586987,0.0009562683,0.0009322791,0.0008650413,0.0008635232,0.0008580818,0.0008426691,0.0008380120,0.0008350787
0.0012126259,0.0010621132,0.0010220313,0.0010159664,0.0009952231,0.0009870135,0.0009257751,0.0009230920,0.0009114807,0.0008661376
0.0011071181,0.0010053489,0.0009962125,0.0009734415,0.0009262692,0.0009061474,0.0008880830,0.0008873452,0.0008845306,0.0008375514
0.0010440816,0.0009795313,0.0009515275,0.0009401846,0.0009040753,0.0008817962,0.0008710962,0.0008640431,0.0008222755,0.0008196846
0.0012032980,0.0010614870,0.0010580174,0.0010305790,0.0009707113,0.0009667607,0.0009640201,0.0009365475,0.0009305099,0.0008639325
0.0015419520,0.0013103075,0.0013063939,0.0012357841,0.0011874187,0.0011760064,0.0011271434,0.0010789204,0.0010762493,0.0009872377
0.0010294212,0.0009546170,0.0009409572,0.0009238374,0.0009079094,0.0008920000,0.0008489203,0.0008297522,0.0008239815,0.0008162044
0.0011180016,0.0009926019,0.0009592552,0.0009475420,0.0009317226,0.0009275492,0.0008821948,0.0008760591,0.0008645527,0.0008301153
0.1357581764,0.1164157614,0.0655494779,0.0517895930,0.0513782911,0.0263979658,0.0239333231,0.0119808959,0.0100282365,0.0093160011
0.0012074953,0.0010607989,0.0010207045,0.0010176653,0.0009897157,0.0009849760,0.0009256093,0.0009247889,0.0009107289,0.0008657365
0.0010635076,0.0009910302,0.0009542379,0.0009449639,0.0009261051,0.0008926669,0.0008770718,0.0008639176,0.0008481047,0.0008264446
0.0011692113,0.0010302833,0.0009972979,0.0009820351,0.0009647565,0.0009565825,0.0009040606,0.0009001888,0.0008927627,0.0008516358
0.0012464316,0.0012215114,0.0011259408,0.0011183464,0.0010201657,0.0009970871,0.0009866670,0.0009576831,0.0009550567,0.0009486157
0.0013032460,0.0011275038,0.0010832330,0.0010792323,0.0010543541,0.0010432074,0.0009704377,0.0009692660,0.0009547745,0.0008999990
0.0011354712,0.0010158790,0.0009895733,0.0009863446,0.0009383958,0.0009306010,0.0009158808,0.0009031696,0.0008925617,0.0008444556
0.0011035179,0.0009854068,0.0009565958,0.0009527802,0.0009159133,0.0009104859,0.0008885419,0.0008796718,0.0008639840,0.0008273496
0.0014012350,0.0011955654,0.0011569835,0.0011450630,0.0011105447,0.0010974745,0.0010234140,0.0010111358,0.0010009286,0.0009362381
0.0013263680,0.0011574330,0.0011267588,0.0011085725,0.0010637487,0.0010596659,0.0009984896,0.0009869715,0.0009775924,0.0009175289
0.0012640742,0.0011242670,0.0011118407,0.0010698887,0.0010299863,0.0010071303,0.0009945179,0.0009639077,0.0009580360,0.0009005648
0.0011094119,0.0009925497,0.0009593269,0.0009469104,0.0009241105,0.0009226659,0.0008791175,0.0008740897,0.0008644277,0.0008295776
0.0011401807,0.0010090071,0.0009735255,0.0009629484,0.0009482290,0.0009421970,0.0008916282,0.0008856318,0.0008762597,0.0008396131
0.0011987549,0.0010515826,0.0010120105,0.0010057149,0.0009872135,0.0009787640,0.0009196364,0.0009161319,0.0009046667,0.0008609870
0.0012394813,0.0011010453,0.0010817843,0.0010551383,0.0010120351,0.0009946059,0.0009731906,0.0009516779,0.0009456365,0.0008898682
0.0011239110,0.0009974561,0.0009632669,0.0009515185,0.0009369793,0.0009322978,0.0008856558,0.0008786368,0.0008688489,0.0008323116
0.0014391863,0.0012245690,0.0011854497,0.0011658572,0.0011368594,0.0011241785,0.0010404096,0.0010302226,0.0010185897,0.0009477552
0.0010921776,0.0009731171,0.0009407545,0.0009261631,0.0009158353,0.0009112578,0.0008685091,0.0008605745,0.0008518423,0.0008199822
0.0016965655,0.0014416371,0.0014267029,0.0013337225,0.0012741823,0.0012678870,0.0012232800,0.0011527486,0.0011428407,0.0010358330
0.0010648442,0.0009547311,0.0009252336,0.0009053826,0.0008965503,0.0008935524,0.0008544128,0.0008444800,0.0008370805,0.0008106646
0.0010442137,0.0009692447,0.0009571668,0.0009347379,0.0009078588,0.0008707621,0.0008705608,0.0008704538,0.0008335253,0.0008217305
0.0010833243,0.0009685542,0.0009364653,0.0009190437,0.0009102154,0.0009059318,0.0008636009,0.0008543046,0.0008471914,0.0008164612
0.0011174749,0.0009913062,0.0009610277,0.0009461301,0.0009305250,0.0009265222,0.0008816922,0.0008737395,0.0008648175,0.0008300145
0.0011896434,0.0010674625,0.0010459274,0.0010165683,0.0009857870,0.0009626778,0.0009443099,0.0009262788,0.0009192383,0.0008750748
0.0012270625,0.0010876079,0.0010580355,0.0010402203,0.0010051127,0.0009969380,0.0009513649,0.0009411162,0.0009311406,0.0008818830
0.0013856360,0.0011871260,0.0011464043,0.0011350644,0.0011040487,0.0010925401,0.0010128208,0.0010072769,0.0009962380,0.0009316201
0.0010404885,0.0009468347,0.0009465052,0.0009322795,0.0008928995,0.0008797048,0.0008584013,0.0008530648,0.0008337045,0.0008238021
0.0011140384,0.0009947647,0.0009593755,0.0009477297,0.0009278551,0.0009269645,0.0008803474,0.0008753372,0.0008651598,0.0008298603
0.0011039593,0.0009813741,0.0009483753,0.0009344562,0.0009239435,0.0009184475,0.0008738405,0.0008662982,0.0008571857,0.0008238974
0.0012169121,0.0010678442,0.0010269398,0.0010239285,0.0009968629,0.0009913569,0.0009308137,0.0009290266,0.0009163804,0.0008692145
0.0012797909,0.0011082066,0.0010689889,0.0010668145,0.0010342130,0.0010257452,0.0009595283,0.0009579340,0.0009438337,0.0008906971
0.0011222971,0.0009976568,0.0009621274,0.0009496220,0.0009364155,0.0009314656,0.0008837747,0.0008768562,0.0008687603,0.0008309383
0.0039559840,0.0033328386,0.0028644355,0.0025634705,0.0024024511,0.0023551814,0.0020896469,0.0018960804,0.0017872010,0.0017808396
0.0011658598,0.0010315577,0.0009937298,0.0009896215,0.0009561043,0.0009529350,0.0009072051,0.0009040986,0.0008961450,0.0008491048
0.0012092310,0.0010613872,0.0010196761,0.0010139280,0.0009942155,0.0009856863,0.0009250525,0.0009232563,0.0009112227,0.0008647395
0.0012401995,0.0010826816,0.0010466704,0.0010351141,0.0010093319,0.0009994938,0.0009389124,0.0009378449,0.0009274326,0.0008787287
0.0010837474,0.0009767318,0.0009690187,0.0009452570,0.0009069103,0.0008966575,0.0008804175,0.0008800945,0.0008599609,0.0008244804
0.0012145522,0.0010647350,0.0010238824,0.0010171346,0.0009972714,0.0009883593,0.0009272635,0.0009247827,0.0009136379,0.0008674109
0.0010789437,0.0009649228,0.0009334065,0.0009157095,0.0009072977,0.0009030685,0.0008612668,0.0008516094,0.0008446531,0.0008147390
0.0051500038,0.0047743809,0.0042077610,0.0039798548,0.0036885680,0.0036841603,0.0030195692,0.0022760695,0.0022376194,0.0021857976
0.0011405132,0.0010098461,0.0009794038,0.0009623414,0.0009441329,0.0009372784,0.0008904244,0.0008875582,0.0008797011,0.0008426172
0.0011186062,0.0010091342,0.0009851116,0.0009752871,0.0009336137,0.0009148832,0.0009062352,0.0008932662,0.0008780976,0.0008392140
0.0012027733,0.0010698823,0.0010423558,0.0010303073,0.0009813249,0.0009719236,0.0009469152,0.0009278383,0.0009223504,0.0008708980
0.0011132370,0.0010001060,0.0009845892,0.0009571481,0.0009091066,0.0009074521,0.0008959966,0.0008912699,0.0008827677,0.0008538435
0.0011918065,0.0010742772,0.0010617545,0.0010288127,0.0009902986,0.0009510864,0.0009454828,0.0009367309,0.0009294271,0.0008758961
0.0009985761,0.0009958200,0.0009446417,0.0008941038,0.0008813711,0.0008720397,0.0008350099,0.0008149102,0.0007966778,0.0007962234
0.0011118194,0.0009894127,0.0009556747,0.0009409580,0.0009288471,0.0009237429,0.0008778829,0.0008704582,0.0008612171,0.0008263398
0.0013515835,0.0011745745,0.0011434015,0.0011213156,0.0010802663,0.0010770558,0.0010095070,0.0009964237,0.0009908174,0.0009260661
0.0011741325,0.0010328038,0.0009997488,0.0009861131,0.0009682439,0.0009593140,0.0009070037,0.0009042476,0.0008941423,0.0008527509
0.0309029352,0.0234953035,0.0226779375,0.0143743157,0.0136892237,0.0116860997,0.0102670919,0.0066762436,0.0057964404,0.0057243304
0.0011922355,0.0010440067,0.0010066723,0.0009990708,0.0009824836,0.0009729412,0.0009159426,0.0009119817,0.0009005628,0.0008600988
0.0013355947,0.0012766493,0.0012071222,0.0011229443,0.0011048202,0.0010886044,0.0010232186,0.0010129216,0.0010094126,0.0009535922
0.0011707415,0.0011649271,0.0011226436,0.0010680660,0.0010198125,0.0009815341,0.0009437483,0.0009387878,0.0009387843,0.0009338451
0.0011060497,0.0009822341,0.0009496529,0.0009355200,0.0009255046,0.0009192498,0.0008744610,0.0008668626,0.0008579452,0.0008249868
0.0011160505,0.0009931450,0.0009583888,0.0009450302,0.0009320585,0.0009274325,0.0008807909,0.0008735374,0.0008654363,0.0008288083
0.0011064321,0.0009857385,0.0009519099,0.0009366241,0.0009260719,0.0009207887,0.0008748839,0.0008668689,0.0008590132,0.0008247801
0.0010789364,0.0009651992,0.0009338777,0.0009162482,0.0009068127,0.0009033357,0.0008619292,0.0008523710,0.0008452993,0.0008152315
0.0011215525,0.0009964244,0.0009617205,0.0009507498,0.0009347385,0.0009301527,0.0008834536,0.0008784268,0.0008678439,0.0008321173
0.0011233209,0.0010080842,0.0009891473,0.0009826798,0.0009351406,0.0009137993,0.0009090338,0.0008979021,0.0008789810,0.0008407650
0.0016653331,0.0016427814,0.0015240095,0.0014331274,0.0012977199,0.0012360875,0.0012252863,0.0012001430,0.0011729317,0.0011698112
0.0011133219,0.0009900288,0.0009556560,0.0009417537,0.0009305697,0.0009253037,0.0008783662,0.0008710374,0.0008623392,0.0008276831
0.0010572276,0.0009484487,0.0009192416,0.0008986497,0.0008923496,0.0008890036,0.0008504745,0.0008392161,0.0008328485,0.0008071001
0.0016310961,0.0013940741,0.0013886363,0.0013003678,0.0012544947,0.0012404569,0.0011789270,0.0011321675,0.0011248320,0.0010269001
0.0010944566,0.0009867044,0.0009573643,0.0009531485,0.0009151849,0.0009016403,0.0008839555,0.0008802389,0.0008664809,0.0008297944
0.0010194429,0.0009343766,0.0009269422,0.0009114444,0.0008845888,0.0008671382,0.0008503760,0.0008409571,0.0008287847,0.0008045696
0.0028378924,0.0025924258,0.0025415646,0.0023503199,0.0023333880,0.0021601319,0.0020127392,0.0016655384,0.0016458664,0.0016391281
0.0011748087,0.0010904381,0.0010661012,0.0010215717,0.0009808620,0.0009687872,0.0009341777,0.0009318038,0.0009231269,0.0008768134
0.0013472756,0.0011555054,0.0011152655,0.0011069091,0.0010793146,0.0010686649,0.0009890900,0.0009888889,0.0009718053,0.0009155450
0.0011572792,0.0010462330,0.0010395222,0.0010086854,0.0009538326,0.0009449065,0.0009246267,0.0009157200,0.0009145612,0.0008625698
0.0021985406,0.0020542087,0.0019506547,0.0018514802,0.0018473406,0.0016206738,0.0015575617,0.0015552612,0.0015069060,0.0014932102
0.0011036831,0.0009829233,0.0009497881,0.0009341572,0.0009239342,0.0009187561,0.0008731423,0.0008644958,0.0008569943,0.0008234075
0.0012231516,0.0010858709,0.0010846583,0.0010371645,0.0009791219,0.0009740613,0.0009603713,0.0009580423,0.0009377329,0.0008804962
0.0012546593,0.0010913549,0.0010485062,0.0010475907,0.0010211526,0.0010119815,0.0009462227,0.0009456194,0.0009311552,0.0008829620
0.0012073159,0.0010652862,0.0010246743,0.0010231265,0.0009900924,0.0009888398,0.0009280493,0.0009267495,0.0009158501,0.0008691131
0.0011726922,0.0010368422,0.0010010828,0.0009977676,0.0009600183,0.0009593903,0.0009152765,0.0009087751,0.0008971139,0.0008526078
0.0010958769,0.0009865469,0.0009758481,0.0009564094,0.0009007768,0.0008931883,0.0008866413,0.0008857678,0.0008739799,0.0008567601
0.0012823995,0.0011258913,0.0010966697,0.0010805697,0.0010376769,0.0010317049,0.0009769658,0.0009662652,0.0009589258,0.0009033741
0.0013341366,0.0011476764,0.0011054086,0.0011017727,0.0010714856,0.0010598293,0.0009862314,0.0009828594,0.0009688032,0.0009116248
0.0011209537,0.0009986663,0.0009646242,0.0009570658,0.0009317750,0.0009284770,0.0008857186,0.0008819535,0.0008675907,0.0008329968
0.0139631936,0.0132781705,0.0109873163,0.0086697182,0.0083986204,0.0078753885,0.0063302480,0.0045081731,0.0040745959,0.0039126356
0.0012487327,0.0010848675,0.0010435857,0.0010410526,0.0010192750,0.0010085528,0.0009432383,0.0009408347,0.0009276152,0.0008807884
0.0010718533,0.0009678485,0.0009385445,0.0009374586,0.0009013162,0.0008867395,0.0008660604,0.0008651419,0.0008476934,0.0008184247
0.0012029699,0.0011307022,0.0010971065,0.0010431383,0.0010062543,0.0009878516,0.0009567545,0.0009409477,0.0009314005,0.0008951041
0.0011932899,0.0010694719,0.0010670609,0.0010236222,0.0009761093,0.0009610354,0.0009513612,0.0009318644,0.0009228455,0.0008735226
0.0015519537,0.0013027084,0.0012693694,0.0012350634,0.0012036446,0.0011891134,0.0010978666,0.0010787173,0.0010681741,0.0009848370
0.0011140782,0.0009937318,0.0009586395,0.0009485523,0.0009281027,0.0009275744,0.0008809089,0.0008749331,0.0008641612,0.0008299769
0.0012296337,0.0011028307,0.0010991078,0.0010537487,0.0010029974,0.0009889053,0.0009792061,0.0009534612,0.0009467576,0.0008941041
0.0013386956,0.0011510745,0.0011082252,0.0011019072,0.0010757074,0.0010638933,0.0009865995,0.0009851871,0.0009702579,0.0009128969
0.0011404229,0.0010350653,0.0010243366,0.0009879328,0.0009581196,0.0009283377,0.0009263544,0.0009075282,0.0008954869,0.0008578672
0.0011380240,0.0010114427,0.0009755890,0.0009666894,0.0009430917,0.0009419490,0.0008918256,0.0008879874,0.0008778459,0.0008401361
0.0011079513,0.0009829067,0.0009496976,0.0009372953,0.0009265132,0.0009199590,0.0008752014,0.0008687012,0.0008587393,0.0008260428
0.0012492670,0.0010910900,0.0010502127,0.0010452392,0.0010155598,0.0010083048,0.0009450753,0.0009432403,0.0009315126,0.0008815857
0.0011132675,0.0009897797,0.0009557312,0.0009473332,0.0009289646,0.0009267899,0.0008831653,0.0008779335,0.0008655129,0.0008279411
0.0011025569,0.0010209563,0.0009989149,0.0009728502,0.0009562134,0.0009156378,0.0009042366,0.0008979667,0.0008832894,0.0008411790
0.0012464336,0.0011088784,0.0010893112,0.0010601585,0.0010159264,0.0009970665,0.0009764886,0.0009536006,0.0009466560,0.0008935963
0.0012220134,0.0010750919,0.0010343875,0.0010328568,0.0009994057,0.0009973121,0.0009345969,0.0009332015,0.0009226732,0.0008752343
0.0011822993,0.0010480040,0.0010195796,0.0010102746,0.0009628630,0.0009607202,0.0009294430,0.0009161548,0.0009102112,0.0008603181
0.0012762977,0.0011316993,0.0011098566,0.0010766881,0.0010391390,0.0010243204,0.0009891461,0.0009696392,0.0009619618,0.0009032190
0.0012626915,0.0011240931,0.0011028170,0.0010708030,0.0010351768,0.0010142926,0.0009811820,0.0009650459,0.0009585993,0.0009018643
0.0012331216,0.0011068264,0.0010984979,0.0010474089,0.0010166370,0.0009841254,0.0009833931,0.0009504335,0.0009450718,0.0008939401
0.0011091074,0.0009868810,0.0009536090,0.0009421486,0.0009257277,0.0009229565,0.0008774974,0.0008707276,0.0008606835,0.0008280767
0.0011682335,0.0010361787,0.0009966298,0.0009941896,0.0009642920,0.0009641306,0.0009080979,0.0009058418,0.0008960093,0.0008540743
0.0014317090,0.0012209298,0.0011814368,0.0011725331,0.0011253966,0.0011107968,0.0010441258,0.0010237165,0.0010206152,0.0009471761
0.0011246294,0.0009977202,0.0009639905,0.0009496491,0.0009376027,0.0009317038,0.0008838495,0.0008766233,0.0008677020,0.0008325947
0.0015644598,0.0013251971,0.0013095542,0.0012563850,0.0011990386,0.0011963573,0.0011280969,0.0010893927,0.0010840264,0.0009961763
0.0012562583,0.0010910612,0.0010486967,0.0010471827,0.0010226206,0.0010126556,0.0009471274,0.0009465833,0.0009316357,0.0008834949
0.0012872990,0.0011224605,0.0010907977,0.0010830329,0.0010237050,0.0010135276,0.0009813774,0.0009647902,0.0009561199,0.0009106881
0.0013643908,0.0011853768,0.0011486572,0.0011450768,0.0010714787,0.0010558759,0.0010309790,0.0010079433,0.0009883745,0.0009417508
